Time sep (ms?), Charge (C)
0.0, -1.482e-09
2.002, -1.56e-09
4.004, -1.642e-09
6.006, -1.726e-09
8.008, -1.806e-09
10.01, -1.884e-09
12.012, -1.961e-09
14.014, -2.035e-09
16.016, -2.116e-09
18.018, -2.199e-09
20.02, -2.282e-09
22.022, -2.366e-09
24.024, -2.447e-09
26.026, -2.529e-09
28.028, -2.611e-09
30.03, -2.693e-09
32.032, -2.771e-09
34.034, -2.851e-09
36.036, -2.937e-09
38.038, -3.024e-09
40.04, -3.108e-09
42.042, -3.189e-09
44.044, -3.268e-09
46.046, -3.353e-09
48.048, -3.44e-09
50.05, -3.522e-09
52.052, -3.604e-09
54.054, -3.684e-09
56.056, -3.764e-09
58.058, -3.847e-09
60.06, -3.929e-09
62.062, -4.013e-09
64.064, -4.091e-09
66.066, -4.176e-09
68.068, -4.249e-09
70.07, -4.327e-09
72.072, -4.402e-09
74.074, -4.479e-09
76.076, -4.557e-09
78.078, -4.634e-09
80.08, -4.714e-09
82.082, -4.79e-09
84.084, -4.87e-09
86.086, -4.947e-09
88.088, -5.022e-09
90.09, -5.098e-09
92.092, -5.173e-09
94.094, -5.252e-09
96.096, -5.334e-09
98.098, -5.419e-09
100.1, -5.506e-09
102.1, -5.589e-09
104.1, -5.67e-09
106.11, -5.747e-09
108.11, -5.828e-09
110.11, -5.912e-09
112.11, -5.994e-09
114.11, -6.078e-09
116.12, -6.156e-09
118.12, -6.231e-09
120.12, -6.311e-09
122.12, -6.394e-09
124.12, -6.475e-09
126.13, -6.556e-09
128.13, -6.632e-09
130.13, -6.712e-09
132.13, -6.79e-09
134.13, -6.866e-09
136.14, -6.944e-09
138.14, -7.021e-09
140.14, -7.093e-09
142.14, -7.166e-09
144.14, -7.242e-09
146.15, -7.32e-09
148.15, -7.401e-09
150.15, -7.478e-09
152.15, -7.556e-09
154.15, -7.632e-09
156.16, -7.709e-09
158.16, -7.791e-09
160.16, -7.877e-09
162.16, -7.954e-09
164.16, -8.032e-09
166.17, -8.113e-09
168.17, -8.191e-09
170.17, -8.266e-09
172.17, -8.345e-09
174.17, -8.425e-09
176.18, -8.504e-09
178.18, -8.585e-09
180.18, -8.673e-09
182.18, -8.757e-09
184.18, -8.839e-09
186.19, -8.925e-09
188.19, -9.008e-09
190.19, -9.085e-09
192.19, -9.17e-09
194.19, -9.259e-09
196.2, -9.344e-09
198.2, -9.428e-09
200.2, -9.507e-09
202.2, -9.589e-09
204.2, -9.672e-09
206.21, -9.754e-09
208.21, -9.838e-09
210.21, -9.919e-09
212.21, -1.0002e-08
214.21, -1.0083e-08
216.22, -1.0165e-08
218.22, -1.0244e-08
220.22, -1.0331e-08
222.22, -1.0418e-08
224.22, -1.05e-08
226.23, -1.0585e-08
228.23, -1.0669e-08
230.23, -1.0752e-08
232.23, -1.0837e-08
234.23, -1.0919e-08
236.24, -1.1e-08
238.24, -1.1082e-08
240.24, -1.1162e-08
242.24, -1.1238e-08
244.24, -1.1314e-08
246.25, -1.1394e-08
248.25, -1.1473e-08
250.25, -1.1555e-08
252.25, -1.1637e-08
254.25, -1.1723e-08
256.26, -1.181e-08
258.26, -1.1897e-08
260.26, -1.1982e-08
262.26, -1.2066e-08
264.26, -1.2151e-08
266.27, -1.2235e-08
268.27, -1.2316e-08
270.27, -1.2405e-08
272.27, -1.2489e-08
274.27, -1.2576e-08
276.28, -1.266e-08
278.28, -1.2745e-08
280.28, -1.2833e-08
282.28, -1.2919e-08
284.28, -1.3004e-08
286.29, -1.308e-08
288.29, -1.3163e-08
290.29, -1.3248e-08
292.29, -1.333e-08
294.29, -1.3415e-08
296.3, -1.35e-08
298.3, -1.3586e-08
300.3, -1.3672e-08
302.3, -1.3755e-08
304.3, -1.3837e-08
306.31, -1.3921e-08
308.31, -1.4007e-08
310.31, -1.4091e-08
312.31, -1.4177e-08
314.31, -1.4262e-08
316.32, -1.435e-08
318.32, -1.4441e-08
320.32, -1.453e-08
322.32, -1.4614e-08
324.32, -1.4698e-08
326.33, -1.4788e-08
328.33, -1.4879e-08
330.33, -1.497e-08
332.33, -1.5065e-08
334.33, -1.5151e-08
336.34, -1.5239e-08
338.34, -1.5337e-08
340.34, -1.5428e-08
342.34, -1.5523e-08
344.34, -1.5612e-08
346.35, -1.57e-08
348.35, -1.5785e-08
350.35, -1.5877e-08
352.35, -1.5968e-08
354.35, -1.6055e-08
356.36, -1.6139e-08
358.36, -1.6224e-08
360.36, -1.631e-08
362.36, -1.6392e-08
364.36, -1.6476e-08
366.37, -1.6563e-08
368.37, -1.6649e-08
370.37, -1.673e-08
372.37, -1.6819e-08
374.37, -1.6907e-08
376.38, -1.6992e-08
378.38, -1.7079e-08
380.38, -1.7164e-08
382.38, -1.7248e-08
384.38, -1.7334e-08
386.39, -1.7414e-08
388.39, -1.7498e-08
390.39, -1.7583e-08
392.39, -1.7661e-08
394.39, -1.7745e-08
396.4, -1.7833e-08
398.4, -1.7921e-08
400.4, -1.8006e-08
402.4, -1.8089e-08
404.4, -1.8172e-08
406.41, -1.8253e-08
408.41, -1.8336e-08
410.41, -1.842e-08
412.41, -1.8507e-08
414.41, -1.8591e-08
416.42, -1.8677e-08
418.42, -1.8767e-08
420.42, -1.8852e-08
422.42, -1.894e-08
424.42, -1.9022e-08
426.43, -1.9102e-08
428.43, -1.9186e-08
430.43, -1.9267e-08
432.43, -1.9352e-08
434.43, -1.9432e-08
436.44, -1.9516e-08
438.44, -1.9608e-08
440.44, -1.9697e-08
442.44, -1.9781e-08
444.44, -1.9868e-08
446.45, -1.9954e-08
448.45, -2.0042e-08
450.45, -2.0126e-08
452.45, -2.0214e-08
454.45, -2.0297e-08
456.46, -2.0375e-08
458.46, -2.0453e-08
460.46, -2.0535e-08
462.46, -2.062e-08
464.46, -2.0701e-08
466.47, -2.078e-08
468.47, -2.0861e-08
470.47, -2.0943e-08
472.47, -2.1022e-08
474.47, -2.1101e-08
476.48, -2.1182e-08
478.48, -2.1268e-08
480.48, -2.1354e-08
482.48, -2.1439e-08
484.48, -2.1524e-08
486.49, -2.1614e-08
488.49, -2.1703e-08
490.49, -2.1792e-08
492.49, -2.1877e-08
494.49, -2.1964e-08
496.5, -2.2048e-08
498.5, -2.2133e-08
500.5, -2.2221e-08
502.5, -2.2313e-08
504.5, -2.2402e-08
506.51, -2.2492e-08
508.51, -2.2579e-08
510.51, -2.266e-08
512.51, -2.2737e-08
514.51, -2.2816e-08
516.52, -2.2901e-08
518.52, -2.2983e-08
520.52, -2.3071e-08
522.52, -2.3159e-08
524.52, -2.3242e-08
526.53, -2.3329e-08
528.53, -2.3415e-08
530.53, -2.3497e-08
532.53, -2.358e-08
534.53, -2.3666e-08
536.54, -2.3755e-08
538.54, -2.3841e-08
540.54, -2.3926e-08
542.54, -2.4016e-08
544.54, -2.4103e-08
546.55, -2.419e-08
548.55, -2.4276e-08
550.55, -2.4361e-08
552.55, -2.4449e-08
554.55, -2.4532e-08
556.56, -2.4617e-08
558.56, -2.4698e-08
560.56, -2.4779e-08
562.56, -2.4861e-08
564.56, -2.4944e-08
566.57, -2.5031e-08
568.57, -2.5121e-08
570.57, -2.5207e-08
572.57, -2.53e-08
574.57, -2.5384e-08
576.58, -2.547e-08
578.58, -2.5557e-08
580.58, -2.5646e-08
582.58, -2.574e-08
584.58, -2.5832e-08
586.59, -2.5921e-08
588.59, -2.6007e-08
590.59, -2.6087e-08
592.59, -2.6174e-08
594.59, -2.6262e-08
596.6, -2.6348e-08
598.6, -2.6432e-08
600.6, -2.6517e-08
602.6, -2.6607e-08
604.6, -2.6691e-08
606.61, -2.6782e-08
608.61, -2.6873e-08
610.61, -2.6962e-08
612.61, -2.7053e-08
614.61, -2.7143e-08
616.62, -2.7232e-08
618.62, -2.732e-08
620.62, -2.7408e-08
622.62, -2.7491e-08
624.62, -2.7581e-08
626.63, -2.7673e-08
628.63, -2.7764e-08
630.63, -2.7856e-08
632.63, -2.7938e-08
634.63, -2.8026e-08
636.64, -2.8122e-08
638.64, -2.8212e-08
640.64, -2.8302e-08
642.64, -2.8389e-08
644.64, -2.8478e-08
646.65, -2.8563e-08
648.65, -2.8654e-08
650.65, -2.8745e-08
652.65, -2.8836e-08
654.65, -2.8919e-08
656.66, -2.9003e-08
658.66, -2.9089e-08
660.66, -2.9176e-08
662.66, -2.9269e-08
664.66, -2.9361e-08
666.67, -2.9448e-08
668.67, -2.9541e-08
670.67, -2.9631e-08
672.67, -2.9722e-08
674.67, -2.9816e-08
676.68, -2.9906e-08
678.68, -2.9994e-08
680.68, -3.0086e-08
682.68, -3.0183e-08
684.68, -3.0277e-08
686.69, -3.0371e-08
688.69, -3.0457e-08
690.69, -3.0546e-08
692.69, -3.0634e-08
694.69, -3.0722e-08
696.7, -3.0816e-08
698.7, -3.0908e-08
700.7, -3.1001e-08
702.7, -3.1096e-08
704.7, -3.119e-08
706.71, -3.1285e-08
708.71, -3.1376e-08
710.71, -3.1471e-08
712.71, -3.156e-08
714.71, -3.1655e-08
716.72, -3.1749e-08
718.72, -3.1838e-08
720.72, -3.1924e-08
722.72, -3.2007e-08
724.72, -3.2094e-08
726.73, -3.2178e-08
728.73, -3.2262e-08
730.73, -3.2344e-08
732.73, -3.2436e-08
734.73, -3.253e-08
736.74, -3.2628e-08
738.74, -3.2722e-08
740.74, -3.2816e-08
742.74, -3.2913e-08
744.74, -3.3005e-08
746.75, -3.3095e-08
748.75, -3.3185e-08
750.75, -3.3276e-08
752.75, -3.3365e-08
754.75, -3.3456e-08
756.76, -3.3548e-08
758.76, -3.3642e-08
760.76, -3.3731e-08
762.76, -3.3823e-08
764.76, -3.391e-08
766.77, -3.3999e-08
768.77, -3.4085e-08
770.77, -3.4171e-08
772.77, -3.4258e-08
774.77, -3.4345e-08
776.78, -3.4425e-08
778.78, -3.451e-08
780.78, -3.4596e-08
782.78, -3.4686e-08
784.78, -3.4777e-08
786.79, -3.4862e-08
788.79, -3.4946e-08
790.79, -3.5031e-08
792.79, -3.5115e-08
794.79, -3.5203e-08
796.8, -3.5294e-08
798.8, -3.5387e-08
800.8, -3.5475e-08
802.8, -3.5562e-08
804.8, -3.5648e-08
806.81, -3.5735e-08
808.81, -3.582e-08
810.81, -3.5902e-08
812.81, -3.5984e-08
814.81, -3.6069e-08
816.82, -3.6158e-08
818.82, -3.6247e-08
820.82, -3.6332e-08
822.82, -3.6418e-08
824.82, -3.6503e-08
826.83, -3.6589e-08
828.83, -3.6674e-08
830.83, -3.6756e-08
832.83, -3.6839e-08
834.83, -3.6925e-08
836.84, -3.7013e-08
838.84, -3.7098e-08
840.84, -3.7184e-08
842.84, -3.727e-08
844.84, -3.7356e-08
846.85, -3.745e-08
848.85, -3.7543e-08
850.85, -3.7636e-08
852.85, -3.7726e-08
854.85, -3.7813e-08
856.86, -3.7899e-08
858.86, -3.7989e-08
860.86, -3.8076e-08
862.86, -3.8162e-08
864.86, -3.8251e-08
866.87, -3.8336e-08
868.87, -3.8422e-08
870.87, -3.8506e-08
872.87, -3.8589e-08
874.87, -3.8675e-08
876.88, -3.8758e-08
878.88, -3.8845e-08
880.88, -3.8932e-08
882.88, -3.9015e-08
884.88, -3.9096e-08
886.89, -3.918e-08
888.89, -3.9263e-08
890.89, -3.9347e-08
892.89, -3.9427e-08
894.89, -3.9505e-08
896.9, -3.9588e-08
898.9, -3.9672e-08
900.9, -3.9757e-08
902.9, -3.9844e-08
904.9, -3.9932e-08
906.91, -4.0022e-08
908.91, -4.0107e-08
910.91, -4.019e-08
912.91, -4.0276e-08
914.91, -4.0363e-08
916.92, -4.0452e-08
918.92, -4.0544e-08
920.92, -4.0635e-08
922.92, -4.072e-08
924.92, -4.0811e-08
926.93, -4.0899e-08
928.93, -4.0993e-08
930.93, -4.1084e-08
932.93, -4.1172e-08
934.93, -4.1261e-08
936.94, -4.135e-08
938.94, -4.1436e-08
940.94, -4.1521e-08
942.94, -4.1609e-08
944.94, -4.1694e-08
946.95, -4.1777e-08
948.95, -4.1873e-08
950.95, -4.1966e-08
952.95, -4.2054e-08
954.95, -4.214e-08
956.96, -4.2226e-08
958.96, -4.2306e-08
960.96, -4.2388e-08
962.96, -4.2472e-08
964.96, -4.2563e-08
966.97, -4.2653e-08
968.97, -4.2743e-08
970.97, -4.2833e-08
972.97, -4.2918e-08
974.97, -4.3004e-08
976.98, -4.3094e-08
978.98, -4.3183e-08
980.98, -4.3272e-08
982.98, -4.3358e-08
984.98, -4.344e-08
986.99, -4.3526e-08
988.99, -4.3612e-08
990.99, -4.3701e-08
992.99, -4.3786e-08
994.99, -4.3869e-08
997.0, -4.3953e-08
999.0, -4.404e-08
1001.0, -4.4123e-08
1003.0, -4.4204e-08
1005.0, -4.4291e-08
1007.0, -4.4383e-08
1009.0, -4.4468e-08
1011.0, -4.4556e-08
1013.0, -4.4636e-08
1015.0, -4.4717e-08
1017.0, -4.48e-08
1019.0, -4.4882e-08
1021.0, -4.4968e-08
1023.0, -4.5055e-08
1025.0, -4.5145e-08
1027.0, -4.5237e-08
1029.0, -4.5328e-08
1031.0, -4.5419e-08
1033.0, -4.551e-08
1035.0, -4.5603e-08
1037.0, -4.5692e-08
1039.0, -4.5772e-08
1041.0, -4.5852e-08
1043.0, -4.5793e-08
1045.0, -4.555e-08
1047.0, -4.5329e-08
1049.0, -4.508e-08
1051.0, -4.4834e-08
1053.1, -4.4601e-08
1055.1, -4.4382e-08
1057.1, -4.4126e-08
1059.1, -4.3887e-08
1061.1, -4.3648e-08
1063.1, -4.3394e-08
1065.1, -4.3152e-08
1067.1, -4.2922e-08
1069.1, -4.2664e-08
1071.1, -4.2415e-08
1073.1, -4.2158e-08
1075.1, -4.1902e-08
1077.1, -4.1653e-08
1079.1, -4.1405e-08
1081.1, -4.1154e-08
1083.1, -4.0906e-08
1085.1, -4.0649e-08
1087.1, -4.0407e-08
1089.1, -4.015e-08
1091.1, -3.9886e-08
1093.1, -3.9616e-08
1095.1, -3.9365e-08
1097.1, -3.9105e-08
1099.1, -3.8845e-08
1101.1, -3.8589e-08
1103.1, -3.8292e-08
1105.1, -3.8025e-08
1107.1, -3.7768e-08
1109.1, -3.7499e-08
1111.1, -3.7247e-08
1113.1, -3.6964e-08
1115.1, -3.6699e-08
1117.1, -3.6454e-08
1119.1, -3.6211e-08
1121.1, -3.5974e-08
1123.1, -3.5702e-08
1125.1, -3.541e-08
1127.1, -3.5145e-08
1129.1, -3.4882e-08
1131.1, -3.4628e-08
1133.1, -3.4364e-08
1135.1, -3.4124e-08
1137.1, -3.3891e-08
1139.1, -3.3631e-08
1141.1, -3.335e-08
1143.1, -3.3068e-08
1145.1, -3.2798e-08
1147.1, -3.2541e-08
1149.1, -3.2293e-08
1151.1, -3.2014e-08
1153.2, -3.1759e-08
1155.2, -3.1478e-08
1157.2, -3.1209e-08
1159.2, -3.0911e-08
1161.2, -3.0624e-08
1163.2, -3.0342e-08
1165.2, -3.0068e-08
1167.2, -2.982e-08
1169.2, -2.957e-08
1171.2, -2.9316e-08
1173.2, -2.9065e-08
1175.2, -2.8838e-08
1177.2, -2.8608e-08
1179.2, -2.835e-08
1181.2, -2.8086e-08
1183.2, -2.7816e-08
1185.2, -2.7549e-08
1187.2, -2.7273e-08
1189.2, -2.7021e-08
1191.2, -2.676e-08
1193.2, -2.651e-08
1195.2, -2.6251e-08
1197.2, -2.5991e-08
1199.2, -2.5719e-08
1201.2, -2.5461e-08
1203.2, -2.521e-08
1205.2, -2.4941e-08
1207.2, -2.4663e-08
1209.2, -2.4388e-08
1211.2, -2.4125e-08
1213.2, -2.3848e-08
1215.2, -2.3573e-08
1217.2, -2.331e-08
1219.2, -2.3033e-08
1221.2, -2.2766e-08
1223.2, -2.2504e-08
1225.2, -2.2234e-08
1227.2, -2.1955e-08
1229.2, -2.1683e-08
1231.2, -2.1419e-08
1233.2, -2.116e-08
1235.2, -2.0908e-08
1237.2, -2.0637e-08
1239.2, -2.0368e-08
1241.2, -2.0115e-08
1243.2, -1.985e-08
1245.2, -1.955e-08
1247.2, -1.9295e-08
1249.2, -1.9058e-08
1251.2, -1.881e-08
1253.3, -1.8532e-08
1255.3, -1.8251e-08
1257.3, -1.7987e-08
1259.3, -1.7687e-08
1261.3, -1.7441e-08
1263.3, -1.7182e-08
1265.3, -1.6935e-08
1267.3, -1.6657e-08
1269.3, -1.637e-08
1271.3, -1.6091e-08
1273.3, -1.5822e-08
1275.3, -1.5558e-08
1277.3, -1.5265e-08
1279.3, -1.4988e-08
1281.3, -1.4716e-08
1283.3, -1.4445e-08
1285.3, -1.4191e-08
1287.3, -1.3923e-08
1289.3, -1.3625e-08
1291.3, -1.3345e-08
1293.3, -1.3063e-08
1295.3, -1.2766e-08
1297.3, -1.2507e-08
1299.3, -1.2238e-08
1301.3, -1.1964e-08
1303.3, -1.169e-08
1305.3, -1.14e-08
1307.3, -1.1102e-08
1309.3, -1.0812e-08
1311.3, -1.0526e-08
1313.3, -1.0251e-08
1315.3, -9.962e-09
1317.3, -9.662e-09
1319.3, -9.4e-09
1321.3, -9.133e-09
1323.3, -8.855e-09
1325.3, -8.583e-09
1327.3, -8.326e-09
1329.3, -8.07e-09
1331.3, -7.817e-09
1333.3, -7.553e-09
1335.3, -7.294e-09
1337.3, -7.024e-09
1339.3, -6.763e-09
1341.3, -6.498e-09
1343.3, -6.235e-09
1345.3, -5.936e-09
1347.3, -5.649e-09
1349.3, -5.411e-09
1351.3, -5.154e-09
1353.4, -4.887e-09
1355.4, -4.614e-09
1357.4, -4.316e-09
1359.4, -4.023e-09
1361.4, -3.717e-09
1363.4, -3.446e-09
1365.4, -3.155e-09
1367.4, -2.865e-09
1369.4, -2.59e-09
1371.4, -2.309e-09
1373.4, -2.021e-09
1375.4, -1.718e-09
1377.4, -1.429e-09
1379.4, -1.142e-09
1381.4, -8.62e-10
1383.4, -5.85e-10
1385.4, -2.97e-10
1387.4, -1.8e-11
1389.4, 2.68e-10
1391.4, 5.78e-10
1393.4, 8.7e-10
1395.4, 1.142e-09
1397.4, 1.415e-09
1399.4, 1.677e-09
1401.4, 1.949e-09
1403.4, 2.242e-09
1405.4, 2.533e-09
1407.4, 2.799e-09
1409.4, 3.045e-09
1411.4, 3.318e-09
1413.4, 3.608e-09
1415.4, 3.882e-09
1417.4, 4.176e-09
1419.4, 4.465e-09
1421.4, 4.775e-09
1423.4, 5.083e-09
1425.4, 5.363e-09
1427.4, 5.647e-09
1429.4, 5.903e-09
1431.4, 6.18e-09
1433.4, 6.464e-09
1435.4, 6.743e-09
1437.4, 7.012e-09
1439.4, 7.29e-09
1441.4, 7.561e-09
1443.4, 7.833e-09
1445.4, 8.106e-09
1447.4, 8.373e-09
1449.4, 8.642e-09
1451.4, 8.91e-09
1453.5, 9.194e-09
1455.5, 9.482e-09
1457.5, 9.758e-09
1459.5, 1.0048e-08
1461.5, 1.032e-08
1463.5, 1.0563e-08
1465.5, 1.0826e-08
1467.5, 1.1126e-08
1469.5, 1.142e-08
1471.5, 1.1706e-08
1473.5, 1.1988e-08
1475.5, 1.2252e-08
1477.5, 1.253e-08
1479.5, 1.281e-08
1481.5, 1.3075e-08
1483.5, 1.3366e-08
1485.5, 1.3646e-08
1487.5, 1.3923e-08
1489.5, 1.4203e-08
1491.5, 1.4465e-08
1493.5, 1.4741e-08
1495.5, 1.5026e-08
1497.5, 1.5324e-08
1499.5, 1.5607e-08
1501.5, 1.5878e-08
1503.5, 1.6163e-08
1505.5, 1.645e-08
1507.5, 1.6731e-08
1509.5, 1.7003e-08
1511.5, 1.7291e-08
1513.5, 1.7573e-08
1515.5, 1.7855e-08
1517.5, 1.814e-08
1519.5, 1.8426e-08
1521.5, 1.8712e-08
1523.5, 1.8987e-08
1525.5, 1.9266e-08
1527.5, 1.9535e-08
1529.5, 1.9785e-08
1531.5, 2.0037e-08
1533.5, 2.0313e-08
1535.5, 2.0631e-08
1537.5, 2.0941e-08
1539.5, 2.1213e-08
1541.5, 2.1499e-08
1543.5, 2.1802e-08
1545.5, 2.2107e-08
1547.5, 2.24e-08
1549.5, 2.2675e-08
1551.5, 2.2924e-08
1553.6, 2.3187e-08
1555.6, 2.3493e-08
1557.6, 2.3785e-08
1559.6, 2.4065e-08
1561.6, 2.4352e-08
1563.6, 2.4622e-08
1565.6, 2.4923e-08
1567.6, 2.5232e-08
1569.6, 2.5538e-08
1571.6, 2.5821e-08
1573.6, 2.6101e-08
1575.6, 2.639e-08
1577.6, 2.6676e-08
1579.6, 2.6955e-08
1581.6, 2.7267e-08
1583.6, 2.7562e-08
1585.6, 2.7862e-08
1587.6, 2.8166e-08
1589.6, 2.8463e-08
1591.6, 2.8764e-08
1593.6, 2.9058e-08
1595.6, 2.9351e-08
1597.6, 2.9652e-08
1599.6, 2.9967e-08
1601.6, 3.0291e-08
1603.6, 3.0613e-08
1605.6, 3.0919e-08
1607.6, 3.1217e-08
1609.6, 3.15e-08
1611.6, 3.1786e-08
1613.6, 3.2079e-08
1615.6, 3.2376e-08
1617.6, 3.2669e-08
1619.6, 3.2967e-08
1621.6, 3.328e-08
1623.6, 3.3583e-08
1625.6, 3.3861e-08
1627.6, 3.4156e-08
1629.6, 3.4426e-08
1631.6, 3.4707e-08
1633.6, 3.4978e-08
1635.6, 3.5299e-08
1637.6, 3.5637e-08
1639.6, 3.5935e-08
1641.6, 3.6212e-08
1643.6, 3.649e-08
1645.6, 3.6785e-08
1647.6, 3.7073e-08
1649.6, 3.7382e-08
1651.6, 3.7649e-08
1653.7, 3.7922e-08
1655.7, 3.8203e-08
1657.7, 3.8471e-08
1659.7, 3.8757e-08
1661.7, 3.9049e-08
1663.7, 3.9353e-08
1665.7, 3.965e-08
1667.7, 3.9943e-08
1669.7, 4.0229e-08
1671.7, 4.052e-08
1673.7, 4.0828e-08
1675.7, 4.1128e-08
1677.7, 4.1424e-08
1679.7, 4.1712e-08
1681.7, 4.1979e-08
1683.7, 4.2253e-08
1685.7, 4.2542e-08
1687.7, 4.2853e-08
1689.7, 4.3143e-08
1691.7, 4.3445e-08
1693.7, 4.3701e-08
1695.7, 4.3981e-08
1697.7, 4.4276e-08
1699.7, 4.4574e-08
1701.7, 4.4862e-08
1703.7, 4.5147e-08
1705.7, 4.545e-08
1707.7, 4.5727e-08
1709.7, 4.6013e-08
1711.7, 4.6296e-08
1713.7, 4.6576e-08
1715.7, 4.6876e-08
1717.7, 4.7168e-08
1719.7, 4.748e-08
1721.7, 4.7802e-08
1723.7, 4.8132e-08
1725.7, 4.844e-08
1727.7, 4.8765e-08
1729.7, 4.9057e-08
1731.7, 4.9346e-08
1733.7, 4.9646e-08
1735.7, 4.9936e-08
1737.7, 5.0203e-08
1739.7, 5.0493e-08
1741.7, 5.0808e-08
1743.7, 5.1148e-08
1745.7, 5.1451e-08
1747.7, 5.1731e-08
1749.7, 5.2027e-08
1751.7, 5.2307e-08
1753.8, 5.2603e-08
1755.8, 5.2914e-08
1757.8, 5.3206e-08
1759.8, 5.3494e-08
1761.8, 5.3782e-08
1763.8, 5.407e-08
1765.8, 5.4349e-08
1767.8, 5.4653e-08
1769.8, 5.4959e-08
1771.8, 5.5267e-08
1773.8, 5.5572e-08
1775.8, 5.5878e-08
1777.8, 5.6181e-08
1779.8, 5.6508e-08
1781.8, 5.6804e-08
1783.8, 5.71e-08
1785.8, 5.7401e-08
1787.8, 5.7698e-08
1789.8, 5.7987e-08
1791.8, 5.8265e-08
1793.8, 5.857e-08
1795.8, 5.8886e-08
1797.8, 5.9197e-08
1799.8, 5.9536e-08
1801.8, 5.9846e-08
1803.8, 6.0169e-08
1805.8, 6.049e-08
1807.8, 6.0794e-08
1809.8, 6.1079e-08
1811.8, 6.1351e-08
1813.8, 6.1637e-08
1815.8, 6.1916e-08
1817.8, 6.2239e-08
1819.8, 6.2549e-08
1821.8, 6.2855e-08
1823.8, 6.315e-08
1825.8, 6.3464e-08
1827.8, 6.3748e-08
1829.8, 6.4057e-08
1831.8, 6.435e-08
1833.8, 6.4669e-08
1835.8, 6.4967e-08
1837.8, 6.5267e-08
1839.8, 6.5546e-08
1841.8, 6.5841e-08
1843.8, 6.6122e-08
1845.8, 6.6412e-08
1847.8, 6.6693e-08
1849.8, 6.6984e-08
1851.8, 6.7275e-08
1853.9, 6.7571e-08
1855.9, 6.7853e-08
1857.9, 6.8129e-08
1859.9, 6.8417e-08
1861.9, 6.871e-08
1863.9, 6.9032e-08
1865.9, 6.9343e-08
1867.9, 6.9654e-08
1869.9, 6.9934e-08
1871.9, 7.0215e-08
1873.9, 7.0509e-08
1875.9, 7.0795e-08
1877.9, 7.1087e-08
1879.9, 7.1369e-08
1881.9, 7.1669e-08
1883.9, 7.1962e-08
1885.9, 7.2279e-08
1887.9, 7.2609e-08
1889.9, 7.291e-08
1891.9, 7.3193e-08
1893.9, 7.3493e-08
1895.9, 7.3831e-08
1897.9, 7.4119e-08
1899.9, 7.4396e-08
1901.9, 7.4684e-08
1903.9, 7.4978e-08
1905.9, 7.5279e-08
1907.9, 7.5581e-08
1909.9, 7.5886e-08
1911.9, 7.6188e-08
1913.9, 7.6497e-08
1915.9, 7.6798e-08
1917.9, 7.7113e-08
1919.9, 7.741e-08
1921.9, 7.7711e-08
1923.9, 7.8007e-08
1925.9, 7.8293e-08
1927.9, 7.8579e-08
1929.9, 7.8876e-08
1931.9, 7.9161e-08
1933.9, 7.9436e-08
1935.9, 7.9717e-08
1937.9, 8.0028e-08
1939.9, 8.0327e-08
1941.9, 8.0625e-08
1943.9, 8.0934e-08
1945.9, 8.1227e-08
1947.9, 8.1512e-08
1949.9, 8.1791e-08
1951.9, 8.2081e-08
1954.0, 8.2388e-08
1956.0, 8.2694e-08
1958.0, 8.3029e-08
1960.0, 8.3319e-08
1962.0, 8.3617e-08
1964.0, 8.3924e-08
1966.0, 8.4233e-08
1968.0, 8.4515e-08
1970.0, 8.4802e-08
1972.0, 8.5111e-08
1974.0, 8.5432e-08
1976.0, 8.5742e-08
1978.0, 8.6043e-08
1980.0, 8.6333e-08
1982.0, 8.6631e-08
1984.0, 8.6937e-08
1986.0, 8.7256e-08
1988.0, 8.7577e-08
1990.0, 8.7881e-08
1992.0, 8.8169e-08
1994.0, 8.8459e-08
1996.0, 8.8777e-08
1998.0, 8.9071e-08
2000.0, 8.9385e-08
2002.0, 8.9678e-08
2004.0, 8.9959e-08
2006.0, 9.0258e-08
2008.0, 9.0542e-08
2010.0, 9.0831e-08
2012.0, 9.1123e-08
2014.0, 9.1412e-08
2016.0, 9.1683e-08
2018.0, 9.1958e-08
2020.0, 9.226e-08
2022.0, 9.2553e-08
2024.0, 9.2839e-08
2026.0, 9.315e-08
2028.0, 9.346e-08
2030.0, 9.3776e-08
2032.0, 9.407e-08
2034.0, 9.4371e-08
2036.0, 9.4678e-08
2038.0, 9.4982e-08
2040.0, 9.5265e-08
2042.0, 9.5572e-08
2044.0, 9.5707e-08
2046.0, 9.562e-08
2048.0, 9.5536e-08
2050.0, 9.545e-08
2052.0, 9.5363e-08
2054.1, 9.5274e-08
2056.1, 9.519e-08
2058.1, 9.5096e-08
2060.1, 9.5008e-08
2062.1, 9.4923e-08
2064.1, 9.4842e-08
2066.1, 9.4762e-08
2068.1, 9.4678e-08
2070.1, 9.4591e-08
2072.1, 9.4507e-08
2074.1, 9.4425e-08
2076.1, 9.4342e-08
2078.1, 9.426e-08
2080.1, 9.4177e-08
2082.1, 9.4096e-08
2084.1, 9.4013e-08
2086.1, 9.3932e-08
2088.1, 9.3854e-08
2090.1, 9.3773e-08
2092.1, 9.3686e-08
2094.1, 9.3603e-08
2096.1, 9.3524e-08
2098.1, 9.3442e-08
2100.1, 9.3354e-08
2102.1, 9.3264e-08
2104.1, 9.3177e-08
2106.1, 9.309e-08
2108.1, 9.3008e-08
2110.1, 9.2926e-08
2112.1, 9.2849e-08
2114.1, 9.2776e-08
2116.1, 9.2695e-08
2118.1, 9.261e-08
2120.1, 9.2529e-08
2122.1, 9.2446e-08
2124.1, 9.2363e-08
2126.1, 9.2281e-08
2128.1, 9.2203e-08
2130.1, 9.2126e-08
2132.1, 9.2045e-08
2134.1, 9.1967e-08
2136.1, 9.1888e-08
2138.1, 9.1805e-08
2140.1, 9.172e-08
2142.1, 9.1637e-08
2144.1, 9.1557e-08
2146.1, 9.148e-08
2148.1, 9.1399e-08
2150.1, 9.1321e-08
2152.1, 9.1243e-08
2154.2, 9.1162e-08
2156.2, 9.1081e-08
2158.2, 9.0994e-08
2160.2, 9.0908e-08
2162.2, 9.0823e-08
2164.2, 9.0738e-08
2166.2, 9.0653e-08
2168.2, 9.0567e-08
2170.2, 9.0481e-08
2172.2, 9.0395e-08
2174.2, 9.0308e-08
2176.2, 9.0221e-08
2178.2, 9.0138e-08
2180.2, 9.0054e-08
2182.2, 8.9976e-08
2184.2, 8.9898e-08
2186.2, 8.9818e-08
2188.2, 8.9733e-08
2190.2, 8.9646e-08
2192.2, 8.9565e-08
2194.2, 8.9485e-08
2196.2, 8.9403e-08
2198.2, 8.9322e-08
2200.2, 8.9244e-08
2202.2, 8.9166e-08
2204.2, 8.9081e-08
2206.2, 8.8993e-08
2208.2, 8.8907e-08
2210.2, 8.8818e-08
2212.2, 8.8728e-08
2214.2, 8.864e-08
2216.2, 8.8553e-08
2218.2, 8.8466e-08
2220.2, 8.8382e-08
2222.2, 8.8301e-08
2224.2, 8.8217e-08
2226.2, 8.8134e-08
2228.2, 8.8052e-08
2230.2, 8.7969e-08
2232.2, 8.789e-08
2234.2, 8.7807e-08
2236.2, 8.773e-08
2238.2, 8.7643e-08
2240.2, 8.7554e-08
2242.2, 8.7468e-08
2244.2, 8.7378e-08
2246.2, 8.7286e-08
2248.2, 8.7189e-08
2250.2, 8.71e-08
2252.2, 8.7006e-08
2254.3, 8.6907e-08
2256.3, 8.6811e-08
2258.3, 8.6716e-08
2260.3, 8.6625e-08
2262.3, 8.6533e-08
2264.3, 8.644e-08
2266.3, 8.6349e-08
2268.3, 8.6256e-08
2270.3, 8.6171e-08
2272.3, 8.6084e-08
2274.3, 8.5998e-08
2276.3, 8.5911e-08
2278.3, 8.582e-08
2280.3, 8.5726e-08
2282.3, 8.563e-08
2284.3, 8.5533e-08
2286.3, 8.544e-08
2288.3, 8.5346e-08
2290.3, 8.5253e-08
2292.3, 8.5161e-08
2294.3, 8.5073e-08
2296.3, 8.4985e-08
2298.3, 8.4897e-08
2300.3, 8.4805e-08
2302.3, 8.4711e-08
2304.3, 8.4617e-08
2306.3, 8.4524e-08
2308.3, 8.4432e-08
2310.3, 8.4343e-08
2312.3, 8.4258e-08
2314.3, 8.4172e-08
2316.3, 8.4083e-08
2318.3, 8.3995e-08
2320.3, 8.3907e-08
2322.3, 8.3813e-08
2324.3, 8.3724e-08
2326.3, 8.3633e-08
2328.3, 8.3541e-08
2330.3, 8.3454e-08
2332.3, 8.3368e-08
2334.3, 8.3276e-08
2336.3, 8.3178e-08
2338.3, 8.3087e-08
2340.3, 8.2998e-08
2342.3, 8.2907e-08
2344.3, 8.2813e-08
2346.3, 8.2722e-08
2348.3, 8.2632e-08
2350.3, 8.2538e-08
2352.3, 8.2439e-08
2354.4, 8.2337e-08
2356.4, 8.2241e-08
2358.4, 8.2147e-08
2360.4, 8.2058e-08
2362.4, 8.1962e-08
2364.4, 8.1873e-08
2366.4, 8.1781e-08
2368.4, 8.1692e-08
2370.4, 8.1602e-08
2372.4, 8.1513e-08
2374.4, 8.1421e-08
2376.4, 8.1329e-08
2378.4, 8.1243e-08
2380.4, 8.1157e-08
2382.4, 8.1069e-08
2384.4, 8.0985e-08
2386.4, 8.09e-08
2388.4, 8.0804e-08
2390.4, 8.0712e-08
2392.4, 8.0629e-08
2394.4, 8.0538e-08
2396.4, 8.0448e-08
2398.4, 8.036e-08
2400.4, 8.0271e-08
2402.4, 8.0182e-08
2404.4, 8.0094e-08
2406.4, 8.0002e-08
2408.4, 7.9908e-08
2410.4, 7.9816e-08
2412.4, 7.9727e-08
2414.4, 7.9635e-08
2416.4, 7.9547e-08
2418.4, 7.9457e-08
2420.4, 7.9369e-08
2422.4, 7.9282e-08
2424.4, 7.9199e-08
2426.4, 7.9114e-08
2428.4, 7.9032e-08
2430.4, 7.8947e-08
2432.4, 7.8859e-08
2434.4, 7.8772e-08
2436.4, 7.8678e-08
2438.4, 7.8586e-08
2440.4, 7.8497e-08
2442.4, 7.8401e-08
2444.4, 7.8315e-08
2446.4, 7.8226e-08
2448.4, 7.8133e-08
2450.4, 7.8044e-08
2452.4, 7.7957e-08
2454.5, 7.7868e-08
2456.5, 7.7782e-08
2458.5, 7.7691e-08
2460.5, 7.7605e-08
2462.5, 7.7516e-08
2464.5, 7.7427e-08
2466.5, 7.7343e-08
2468.5, 7.7256e-08
2470.5, 7.7171e-08
2472.5, 7.709e-08
2474.5, 7.7006e-08
2476.5, 7.692e-08
2478.5, 7.6837e-08
2480.5, 7.6755e-08
2482.5, 7.6672e-08
2484.5, 7.6586e-08
2486.5, 7.65e-08
2488.5, 7.6411e-08
2490.5, 7.632e-08
2492.5, 7.6235e-08
2494.5, 7.6152e-08
2496.5, 7.6062e-08
2498.5, 7.5972e-08
2500.5, 7.5886e-08
2502.5, 7.5795e-08
2504.5, 7.57e-08
2506.5, 7.5609e-08
2508.5, 7.5519e-08
2510.5, 7.5434e-08
2512.5, 7.5346e-08
2514.5, 7.5261e-08
2516.5, 7.5173e-08
2518.5, 7.5083e-08
2520.5, 7.4995e-08
2522.5, 7.4907e-08
2524.5, 7.482e-08
2526.5, 7.4733e-08
2528.5, 7.4648e-08
2530.5, 7.4561e-08
2532.5, 7.4472e-08
2534.5, 7.4385e-08
2536.5, 7.4296e-08
2538.5, 7.4205e-08
2540.5, 7.4113e-08
2542.5, 7.4029e-08
2544.5, 7.3939e-08
2546.5, 7.3852e-08
2548.5, 7.3765e-08
2550.5, 7.3677e-08
2552.5, 7.3585e-08
2554.6, 7.3494e-08
2556.6, 7.3403e-08
2558.6, 7.331e-08
2560.6, 7.3218e-08
2562.6, 7.3126e-08
2564.6, 7.3028e-08
2566.6, 7.2937e-08
2568.6, 7.2849e-08
2570.6, 7.2759e-08
2572.6, 7.2662e-08
2574.6, 7.2574e-08
2576.6, 7.2484e-08
2578.6, 7.2394e-08
2580.6, 7.2297e-08
2582.6, 7.2202e-08
2584.6, 7.21e-08
2586.6, 7.2007e-08
2588.6, 7.1915e-08
2590.6, 7.1819e-08
2592.6, 7.1724e-08
2594.6, 7.1634e-08
2596.6, 7.1536e-08
2598.6, 7.1444e-08
2600.6, 7.1354e-08
2602.6, 7.1258e-08
2604.6, 7.1164e-08
2606.6, 7.1071e-08
2608.6, 7.098e-08
2610.6, 7.089e-08
2612.6, 7.0794e-08
2614.6, 7.0703e-08
2616.6, 7.0608e-08
2618.6, 7.0514e-08
2620.6, 7.0419e-08
2622.6, 7.0329e-08
2624.6, 7.024e-08
2626.6, 7.0152e-08
2628.6, 7.0062e-08
2630.6, 6.9968e-08
2632.6, 6.9877e-08
2634.6, 6.9787e-08
2636.6, 6.9696e-08
2638.6, 6.96e-08
2640.6, 6.9511e-08
2642.6, 6.9423e-08
2644.6, 6.9333e-08
2646.6, 6.9241e-08
2648.6, 6.9146e-08
2650.6, 6.9054e-08
2652.6, 6.8963e-08
2654.7, 6.8875e-08
2656.7, 6.8785e-08
2658.7, 6.8697e-08
2660.7, 6.8601e-08
2662.7, 6.8504e-08
2664.7, 6.8412e-08
2666.7, 6.8321e-08
2668.7, 6.8229e-08
2670.7, 6.8142e-08
2672.7, 6.8052e-08
2674.7, 6.7961e-08
2676.7, 6.7872e-08
2678.7, 6.7782e-08
2680.7, 6.7692e-08
2682.7, 6.7596e-08
2684.7, 6.7502e-08
2686.7, 6.741e-08
2688.7, 6.732e-08
2690.7, 6.7228e-08
2692.7, 6.7139e-08
2694.7, 6.7047e-08
2696.7, 6.696e-08
2698.7, 6.6868e-08
2700.7, 6.6779e-08
2702.7, 6.6692e-08
2704.7, 6.6602e-08
2706.7, 6.6514e-08
2708.7, 6.6427e-08
2710.7, 6.6337e-08
2712.7, 6.6248e-08
2714.7, 6.6159e-08
2716.7, 6.6075e-08
2718.7, 6.599e-08
2720.7, 6.5902e-08
2722.7, 6.5812e-08
2724.7, 6.5726e-08
2726.7, 6.5634e-08
2728.7, 6.5542e-08
2730.7, 6.5448e-08
2732.7, 6.5361e-08
2734.7, 6.5264e-08
2736.7, 6.5173e-08
2738.7, 6.5086e-08
2740.7, 6.4996e-08
2742.7, 6.491e-08
2744.7, 6.4819e-08
2746.7, 6.4736e-08
2748.7, 6.4646e-08
2750.7, 6.4557e-08
2752.7, 6.4469e-08
2754.8, 6.4382e-08
2756.8, 6.4296e-08
2758.8, 6.4212e-08
2760.8, 6.4124e-08
2762.8, 6.4041e-08
2764.8, 6.3955e-08
2766.8, 6.387e-08
2768.8, 6.3781e-08
2770.8, 6.3687e-08
2772.8, 6.3595e-08
2774.8, 6.3506e-08
2776.8, 6.3415e-08
2778.8, 6.3328e-08
2780.8, 6.3239e-08
2782.8, 6.3152e-08
2784.8, 6.3063e-08
2786.8, 6.2982e-08
2788.8, 6.2893e-08
2790.8, 6.2809e-08
2792.8, 6.2722e-08
2794.8, 6.2641e-08
2796.8, 6.2562e-08
2798.8, 6.2482e-08
2800.8, 6.2405e-08
2802.8, 6.2321e-08
2804.8, 6.2238e-08
2806.8, 6.2155e-08
2808.8, 6.2071e-08
2810.8, 6.1985e-08
2812.8, 6.19e-08
2814.8, 6.1812e-08
2816.8, 6.1728e-08
2818.8, 6.1642e-08
2820.8, 6.1556e-08
2822.8, 6.1468e-08
2824.8, 6.1383e-08
2826.8, 6.1297e-08
2828.8, 6.1211e-08
2830.8, 6.1126e-08
2832.8, 6.1037e-08
2834.8, 6.0948e-08
2836.8, 6.0866e-08
2838.8, 6.0783e-08
2840.8, 6.0699e-08
2842.8, 6.0613e-08
2844.8, 6.0524e-08
2846.8, 6.0433e-08
2848.8, 6.0345e-08
2850.8, 6.0252e-08
2852.8, 6.0158e-08
2854.9, 6.0069e-08
2856.9, 5.9976e-08
2858.9, 5.9882e-08
2860.9, 5.979e-08
2862.9, 5.9699e-08
2864.9, 5.9608e-08
2866.9, 5.9517e-08
2868.9, 5.9428e-08
2870.9, 5.9336e-08
2872.9, 5.9243e-08
2874.9, 5.9156e-08
2876.9, 5.9061e-08
2878.9, 5.8974e-08
2880.9, 5.8887e-08
2882.9, 5.88e-08
2884.9, 5.871e-08
2886.9, 5.8621e-08
2888.9, 5.8532e-08
2890.9, 5.8446e-08
2892.9, 5.8357e-08
2894.9, 5.8268e-08
2896.9, 5.8181e-08
2898.9, 5.8087e-08
2900.9, 5.8005e-08
2902.9, 5.7919e-08
2904.9, 5.7832e-08
2906.9, 5.7744e-08
2908.9, 5.7657e-08
2910.9, 5.7569e-08
2912.9, 5.7484e-08
2914.9, 5.7401e-08
2916.9, 5.731e-08
2918.9, 5.7225e-08
2920.9, 5.7138e-08
2922.9, 5.7049e-08
2924.9, 5.696e-08
2926.9, 5.6868e-08
2928.9, 5.6771e-08
2930.9, 5.6677e-08
2932.9, 5.659e-08
2934.9, 5.6502e-08
2936.9, 5.6413e-08
2938.9, 5.6324e-08
2940.9, 5.6241e-08
2942.9, 5.6154e-08
2944.9, 5.6068e-08
2946.9, 5.5979e-08
2948.9, 5.589e-08
2950.9, 5.58e-08
2952.9, 5.5705e-08
2955.0, 5.5612e-08
2957.0, 5.5516e-08
2959.0, 5.5425e-08
2961.0, 5.5334e-08
2963.0, 5.5239e-08
2965.0, 5.5154e-08
2967.0, 5.5072e-08
2969.0, 5.499e-08
2971.0, 5.4905e-08
2973.0, 5.4814e-08
2975.0, 5.4723e-08
2977.0, 5.4634e-08
2979.0, 5.4549e-08
2981.0, 5.4466e-08
2983.0, 5.4383e-08
2985.0, 5.4301e-08
2987.0, 5.4221e-08
2989.0, 5.4136e-08
2991.0, 5.4052e-08
2993.0, 5.3964e-08
2995.0, 5.3876e-08
2997.0, 5.3793e-08
2999.0, 5.3714e-08
3001.0, 5.3632e-08
3003.0, 5.3553e-08
3005.0, 5.347e-08
3007.0, 5.338e-08
3009.0, 5.3291e-08
3011.0, 5.3202e-08
3013.0, 5.3119e-08
3015.0, 5.3029e-08
3017.0, 5.294e-08
3019.0, 5.285e-08
3021.0, 5.2763e-08
3023.0, 5.2679e-08
3025.0, 5.2597e-08
3027.0, 5.2518e-08
3029.0, 5.244e-08
3031.0, 5.236e-08
3033.0, 5.2279e-08
3035.0, 5.2197e-08
3037.0, 5.2109e-08
3039.0, 5.2025e-08
3041.0, 5.1939e-08
3043.0, 5.185e-08
3045.0, 5.1761e-08
3047.0, 5.1674e-08
3049.0, 5.1591e-08
3051.0, 5.1504e-08
3053.0, 5.1419e-08
3055.1, 5.1335e-08
3057.1, 5.1251e-08
3059.1, 5.1175e-08
3061.1, 5.1088e-08
3063.1, 5.1001e-08
3065.1, 5.0918e-08
3067.1, 5.0837e-08
3069.1, 5.0756e-08
3071.1, 5.0674e-08
3073.1, 5.0586e-08
3075.1, 5.0547e-08
3077.1, 5.0789e-08
3079.1, 5.1026e-08
3081.1, 5.126e-08
3083.1, 5.1518e-08
3085.1, 5.1753e-08
3087.1, 5.2002e-08
3089.1, 5.2253e-08
3091.1, 5.2524e-08
3093.1, 5.2767e-08
3095.1, 5.2996e-08
3097.1, 5.3246e-08
3099.1, 5.3499e-08
3101.1, 5.3742e-08
3103.1, 5.3988e-08
3105.1, 5.423e-08
3107.1, 5.447e-08
3109.1, 5.4723e-08
3111.1, 5.4954e-08
3113.1, 5.5208e-08
3115.1, 5.5453e-08
3117.1, 5.5709e-08
3119.1, 5.5943e-08
3121.1, 5.6192e-08
3123.1, 5.6436e-08
3125.1, 5.6663e-08
3127.1, 5.6899e-08
3129.1, 5.7127e-08
3131.1, 5.7344e-08
3133.1, 5.7593e-08
3135.1, 5.7836e-08
3137.1, 5.809e-08
3139.1, 5.8347e-08
3141.1, 5.8594e-08
3143.1, 5.8862e-08
3145.1, 5.9126e-08
3147.1, 5.9378e-08
3149.1, 5.9636e-08
3151.1, 5.9899e-08
3153.1, 6.0156e-08
3155.2, 6.0447e-08
3157.2, 6.0711e-08
3159.2, 6.097e-08
3161.2, 6.124e-08
3163.2, 6.1468e-08
3165.2, 6.1715e-08
3167.2, 6.198e-08
3169.2, 6.2242e-08
3171.2, 6.2475e-08
3173.2, 6.2714e-08
3175.2, 6.2958e-08
3177.2, 6.3184e-08
3179.2, 6.3439e-08
3181.2, 6.3712e-08
3183.2, 6.3965e-08
3185.2, 6.421e-08
3187.2, 6.4478e-08
3189.2, 6.4742e-08
3191.2, 6.5027e-08
3193.2, 6.5289e-08
3195.2, 6.5547e-08
3197.2, 6.5805e-08
3199.2, 6.6058e-08
3201.2, 6.6306e-08
3203.2, 6.6567e-08
3205.2, 6.6817e-08
3207.2, 6.7058e-08
3209.2, 6.7326e-08
3211.2, 6.7599e-08
3213.2, 6.7857e-08
3215.2, 6.8121e-08
3217.2, 6.8357e-08
3219.2, 6.8612e-08
3221.2, 6.8874e-08
3223.2, 6.9167e-08
3225.2, 6.9458e-08
3227.2, 6.9745e-08
3229.2, 7.0005e-08
3231.2, 7.0241e-08
3233.2, 7.0496e-08
3235.2, 7.0775e-08
3237.2, 7.105e-08
3239.2, 7.1344e-08
3241.2, 7.1614e-08
3243.2, 7.1877e-08
3245.2, 7.2155e-08
3247.2, 7.2444e-08
3249.2, 7.2752e-08
3251.2, 7.3052e-08
3253.2, 7.3324e-08
3255.3, 7.3594e-08
3257.3, 7.3858e-08
3259.3, 7.4101e-08
3261.3, 7.435e-08
3263.3, 7.4628e-08
3265.3, 7.4902e-08
3267.3, 7.5183e-08
3269.3, 7.5445e-08
3271.3, 7.5699e-08
3273.3, 7.5946e-08
3275.3, 7.6199e-08
3277.3, 7.6481e-08
3279.3, 7.6753e-08
3281.3, 7.7038e-08
3283.3, 7.7357e-08
3285.3, 7.762e-08
3287.3, 7.7896e-08
3289.3, 7.8153e-08
3291.3, 7.8398e-08
3293.3, 7.8676e-08
3295.3, 7.8939e-08
3297.3, 7.921e-08
3299.3, 7.9494e-08
3301.3, 7.9759e-08
3303.3, 8.0013e-08
3305.3, 8.0276e-08
3307.3, 8.0548e-08
3309.3, 8.0807e-08
3311.3, 8.1077e-08
3313.3, 8.1369e-08
3315.3, 8.1641e-08
3317.3, 8.1909e-08
3319.3, 8.2157e-08
3321.3, 8.2403e-08
3323.3, 8.2684e-08
3325.3, 8.2958e-08
3327.3, 8.3254e-08
3329.3, 8.3533e-08
3331.3, 8.3818e-08
3333.3, 8.4099e-08
3335.3, 8.4375e-08
3337.3, 8.4635e-08
3339.3, 8.4908e-08
3341.3, 8.5182e-08
3343.3, 8.546e-08
3345.3, 8.5752e-08
3347.3, 8.6022e-08
3349.3, 8.6279e-08
3351.3, 8.6548e-08
3353.3, 8.6837e-08
3355.4, 8.712e-08
3357.4, 8.7385e-08
3359.4, 8.7646e-08
3361.4, 8.7901e-08
3363.4, 8.8168e-08
3365.4, 8.8448e-08
3367.4, 8.8733e-08
3369.4, 8.8999e-08
3371.4, 8.9286e-08
3373.4, 8.9581e-08
3375.4, 8.9858e-08
3377.4, 9.0129e-08
3379.4, 9.0399e-08
3381.4, 9.064e-08
3383.4, 9.0913e-08
3385.4, 9.1193e-08
3387.4, 9.1493e-08
3389.4, 9.1758e-08
3391.4, 9.203e-08
3393.4, 9.2302e-08
3395.4, 9.2575e-08
3397.4, 9.2844e-08
3399.4, 9.3126e-08
3401.4, 9.3408e-08
3403.4, 9.3682e-08
3405.4, 9.3974e-08
3407.4, 9.4242e-08
3409.4, 9.4523e-08
3411.4, 9.4804e-08
3413.4, 9.5093e-08
3415.4, 9.5369e-08
3417.4, 9.5665e-08
3419.4, 9.5933e-08
3421.4, 9.6195e-08
3423.4, 9.6489e-08
3425.4, 9.6797e-08
3427.4, 9.7113e-08
3429.4, 9.7432e-08
3431.4, 9.7713e-08
3433.4, 9.7974e-08
3435.4, 9.8256e-08
3437.4, 9.8553e-08
3439.4, 9.8837e-08
3441.4, 9.9119e-08
3443.4, 9.94e-08
3445.4, 9.9697e-08
3447.4, 9.9975e-08
3449.4, 1.0025e-07
3451.4, 1.0053e-07
3453.4, 1.0082e-07
3455.5, 1.011e-07
3457.5, 1.0139e-07
3459.5, 1.0169e-07
3461.5, 1.0197e-07
3463.5, 1.0227e-07
3465.5, 1.0255e-07
3467.5, 1.0281e-07
3469.5, 1.0309e-07
3471.5, 1.0337e-07
3473.5, 1.0363e-07
3475.5, 1.039e-07
3477.5, 1.042e-07
3479.5, 1.0451e-07
3481.5, 1.0481e-07
3483.5, 1.051e-07
3485.5, 1.0539e-07
3487.5, 1.0569e-07
3489.5, 1.0595e-07
3491.5, 1.0625e-07
3493.5, 1.0652e-07
3495.5, 1.0682e-07
3497.5, 1.0712e-07
3499.5, 1.074e-07
3501.5, 1.0768e-07
3503.5, 1.0796e-07
3505.5, 1.0822e-07
3507.5, 1.0849e-07
3509.5, 1.0874e-07
3511.5, 1.0903e-07
3513.5, 1.0934e-07
3515.5, 1.0963e-07
3517.5, 1.099e-07
3519.5, 1.1018e-07
3521.5, 1.1046e-07
3523.5, 1.1075e-07
3525.5, 1.1105e-07
3527.5, 1.1132e-07
3529.5, 1.1158e-07
3531.5, 1.1185e-07
3533.5, 1.1214e-07
3535.5, 1.1242e-07
3537.5, 1.127e-07
3539.5, 1.1297e-07
3541.5, 1.1327e-07
3543.5, 1.1353e-07
3545.5, 1.1378e-07
3547.5, 1.1406e-07
3549.5, 1.1433e-07
3551.5, 1.1459e-07
3553.5, 1.1486e-07
3555.6, 1.1513e-07
3557.6, 1.1541e-07
3559.6, 1.157e-07
3561.6, 1.16e-07
3563.6, 1.1628e-07
3565.6, 1.1655e-07
3567.6, 1.1682e-07
3569.6, 1.1711e-07
3571.6, 1.1738e-07
3573.6, 1.1767e-07
3575.6, 1.1798e-07
3577.6, 1.1825e-07
3579.6, 1.1853e-07
3581.6, 1.1879e-07
3583.6, 1.1905e-07
3585.6, 1.1935e-07
3587.6, 1.1965e-07
3589.6, 1.1992e-07
3591.6, 1.2021e-07
3593.6, 1.2052e-07
3595.6, 1.208e-07
3597.6, 1.2107e-07
3599.6, 1.2136e-07
3601.6, 1.2165e-07
3603.6, 1.2197e-07
3605.6, 1.2228e-07
3607.6, 1.2254e-07
3609.6, 1.2281e-07
3611.6, 1.2308e-07
3613.6, 1.2334e-07
3615.6, 1.2361e-07
3617.6, 1.2389e-07
3619.6, 1.2416e-07
3621.6, 1.2442e-07
3623.6, 1.247e-07
3625.6, 1.2499e-07
3627.6, 1.2525e-07
3629.6, 1.2553e-07
3631.6, 1.2582e-07
3633.6, 1.2614e-07
3635.6, 1.2645e-07
3637.6, 1.2675e-07
3639.6, 1.2704e-07
3641.6, 1.2732e-07
3643.6, 1.2761e-07
3645.6, 1.279e-07
3647.6, 1.2818e-07
3649.6, 1.2843e-07
3651.6, 1.2868e-07
3653.6, 1.2896e-07
3655.7, 1.2925e-07
3657.7, 1.2952e-07
3659.7, 1.2981e-07
3661.7, 1.301e-07
3663.7, 1.3037e-07
3665.7, 1.3062e-07
3667.7, 1.3089e-07
3669.7, 1.3115e-07
3671.7, 1.3141e-07
3673.7, 1.3169e-07
3675.7, 1.3197e-07
3677.7, 1.3227e-07
3679.7, 1.3254e-07
3681.7, 1.328e-07
3683.7, 1.3307e-07
3685.7, 1.3335e-07
3687.7, 1.3362e-07
3689.7, 1.3393e-07
3691.7, 1.3421e-07
3693.7, 1.3448e-07
3695.7, 1.3477e-07
3697.7, 1.3506e-07
3699.7, 1.3535e-07
3701.7, 1.3564e-07
3703.7, 1.3592e-07
3705.7, 1.3619e-07
3707.7, 1.3645e-07
3709.7, 1.3673e-07
3711.7, 1.37e-07
3713.7, 1.3726e-07
3715.7, 1.3753e-07
3717.7, 1.3781e-07
3719.7, 1.381e-07
3721.7, 1.3836e-07
3723.7, 1.3862e-07
3725.7, 1.3888e-07
3727.7, 1.3916e-07
3729.7, 1.3944e-07
3731.7, 1.3975e-07
3733.7, 1.4002e-07
3735.7, 1.4029e-07
3737.7, 1.4057e-07
3739.7, 1.4086e-07
3741.7, 1.4114e-07
3743.7, 1.4139e-07
3745.7, 1.4164e-07
3747.7, 1.4192e-07
3749.7, 1.4218e-07
3751.7, 1.4243e-07
3753.7, 1.4271e-07
3755.8, 1.4296e-07
3757.8, 1.432e-07
3759.8, 1.4347e-07
3761.8, 1.4375e-07
3763.8, 1.4405e-07
3765.8, 1.4436e-07
3767.8, 1.4466e-07
3769.8, 1.4495e-07
3771.8, 1.4525e-07
3773.8, 1.4551e-07
3775.8, 1.4578e-07
3777.8, 1.4606e-07
3779.8, 1.4631e-07
3781.8, 1.4659e-07
3783.8, 1.4686e-07
3785.8, 1.4713e-07
3787.8, 1.474e-07
3789.8, 1.4768e-07
3791.8, 1.4797e-07
3793.8, 1.4826e-07
3795.8, 1.4855e-07
3797.8, 1.4883e-07
3799.8, 1.4911e-07
3801.8, 1.4944e-07
3803.8, 1.4971e-07
3805.8, 1.4998e-07
3807.8, 1.5028e-07
3809.8, 1.5056e-07
3811.8, 1.5083e-07
3813.8, 1.5109e-07
3815.8, 1.5135e-07
3817.8, 1.5164e-07
3819.8, 1.5194e-07
3821.8, 1.5224e-07
3823.8, 1.5252e-07
3825.8, 1.5282e-07
3827.8, 1.5313e-07
3829.8, 1.5339e-07
3831.8, 1.5366e-07
3833.8, 1.5396e-07
3835.8, 1.5424e-07
3837.8, 1.5452e-07
3839.8, 1.5481e-07
3841.8, 1.551e-07
3843.8, 1.5539e-07
3845.8, 1.5565e-07
3847.8, 1.5593e-07
3849.8, 1.5622e-07
3851.8, 1.565e-07
3853.8, 1.5678e-07
3855.9, 1.5707e-07
3857.9, 1.5736e-07
3859.9, 1.5764e-07
3861.9, 1.5792e-07
3863.9, 1.582e-07
3865.9, 1.5848e-07
3867.9, 1.5877e-07
3869.9, 1.5905e-07
3871.9, 1.5933e-07
3873.9, 1.5964e-07
3875.9, 1.5993e-07
3877.9, 1.6022e-07
3879.9, 1.6051e-07
3881.9, 1.6078e-07
3883.9, 1.6106e-07
3885.9, 1.6136e-07
3887.9, 1.6168e-07
3889.9, 1.6197e-07
3891.9, 1.6222e-07
3893.9, 1.6251e-07
3895.9, 1.6279e-07
3897.9, 1.6311e-07
3899.9, 1.6341e-07
3901.9, 1.6369e-07
3903.9, 1.6397e-07
3905.9, 1.6426e-07
3907.9, 1.6453e-07
3909.9, 1.648e-07
3911.9, 1.6507e-07
3913.9, 1.6536e-07
3915.9, 1.6565e-07
3917.9, 1.6596e-07
3919.9, 1.6625e-07
3921.9, 1.6654e-07
3923.9, 1.6681e-07
3925.9, 1.671e-07
3927.9, 1.6739e-07
3929.9, 1.6769e-07
3931.9, 1.6797e-07
3933.9, 1.6824e-07
3935.9, 1.6852e-07
3937.9, 1.688e-07
3939.9, 1.6908e-07
3941.9, 1.6935e-07
3943.9, 1.6963e-07
3945.9, 1.699e-07
3947.9, 1.7016e-07
3949.9, 1.7044e-07
3951.9, 1.707e-07
3953.9, 1.7098e-07
3956.0, 1.7128e-07
3958.0, 1.7158e-07
3960.0, 1.7188e-07
3962.0, 1.7217e-07
3964.0, 1.7244e-07
3966.0, 1.7273e-07
3968.0, 1.7303e-07
3970.0, 1.7331e-07
3972.0, 1.7362e-07
3974.0, 1.7393e-07
3976.0, 1.7424e-07
3978.0, 1.7453e-07
3980.0, 1.7481e-07
3982.0, 1.7509e-07
3984.0, 1.7537e-07
3986.0, 1.7566e-07
3988.0, 1.7591e-07
3990.0, 1.762e-07
3992.0, 1.7646e-07
3994.0, 1.7673e-07
3996.0, 1.7702e-07
3998.0, 1.773e-07
4000.0, 1.7757e-07
4002.0, 1.7785e-07
4004.0, 1.7813e-07
4006.0, 1.7842e-07
4008.0, 1.7871e-07
4010.0, 1.7899e-07
4012.0, 1.7929e-07
4014.0, 1.7959e-07
4016.0, 1.7987e-07
4018.0, 1.8013e-07
4020.0, 1.8042e-07
4022.0, 1.8071e-07
4024.0, 1.8097e-07
4026.0, 1.8128e-07
4028.0, 1.8153e-07
4030.0, 1.818e-07
4032.0, 1.8209e-07
4034.0, 1.8237e-07
4036.0, 1.8263e-07
4038.0, 1.8291e-07
4040.0, 1.8323e-07
4042.0, 1.8351e-07
4044.0, 1.838e-07
4046.0, 1.8408e-07
4048.0, 1.8435e-07
4050.0, 1.8464e-07
4052.0, 1.8492e-07
4054.0, 1.8519e-07
4056.1, 1.8547e-07
4058.1, 1.8576e-07
4060.1, 1.8605e-07
4062.1, 1.8633e-07
4064.1, 1.8662e-07
4066.1, 1.8689e-07
4068.1, 1.8717e-07
4070.1, 1.8742e-07
4072.1, 1.8772e-07
4074.1, 1.8799e-07
4076.1, 1.8823e-07
4078.1, 1.8819e-07
4080.1, 1.881e-07
4082.1, 1.8801e-07
4084.1, 1.8793e-07
4086.1, 1.8784e-07
4088.1, 1.8776e-07
4090.1, 1.8768e-07
4092.1, 1.876e-07
4094.1, 1.8751e-07
4096.1, 1.8742e-07
4098.1, 1.8733e-07
4100.1, 1.8724e-07
4102.1, 1.8716e-07
4104.1, 1.8708e-07
4106.1, 1.8699e-07
4108.1, 1.8691e-07
4110.1, 1.8683e-07
4112.1, 1.8674e-07
4114.1, 1.8665e-07
4116.1, 1.8657e-07
4118.1, 1.8648e-07
4120.1, 1.864e-07
4122.1, 1.8631e-07
4124.1, 1.8622e-07
4126.1, 1.8613e-07
4128.1, 1.8604e-07
4130.1, 1.8596e-07
4132.1, 1.8587e-07
4134.1, 1.8578e-07
4136.1, 1.8569e-07
4138.1, 1.856e-07
4140.1, 1.8551e-07
4142.1, 1.8542e-07
4144.1, 1.8533e-07
4146.1, 1.8524e-07
4148.1, 1.8515e-07
4150.1, 1.8506e-07
4152.1, 1.8497e-07
4154.1, 1.8488e-07
4156.2, 1.8479e-07
4158.2, 1.847e-07
4160.2, 1.8461e-07
4162.2, 1.8453e-07
4164.2, 1.8444e-07
4166.2, 1.8436e-07
4168.2, 1.8427e-07
4170.2, 1.8418e-07
4172.2, 1.841e-07
4174.2, 1.8401e-07
4176.2, 1.8393e-07
4178.2, 1.8384e-07
4180.2, 1.8375e-07
4182.2, 1.8367e-07
4184.2, 1.8358e-07
4186.2, 1.8349e-07
4188.2, 1.8341e-07
4190.2, 1.8332e-07
4192.2, 1.8323e-07
4194.2, 1.8314e-07
4196.2, 1.8306e-07
4198.2, 1.8297e-07
4200.2, 1.8288e-07
4202.2, 1.828e-07
4204.2, 1.8271e-07
4206.2, 1.8262e-07
4208.2, 1.8254e-07
4210.2, 1.8245e-07
4212.2, 1.8237e-07
4214.2, 1.8228e-07
4216.2, 1.8219e-07
4218.2, 1.821e-07
4220.2, 1.8201e-07
4222.2, 1.8191e-07
4224.2, 1.8182e-07
4226.2, 1.8173e-07
4228.2, 1.8164e-07
4230.2, 1.8155e-07
4232.2, 1.8147e-07
4234.2, 1.8138e-07
4236.2, 1.8129e-07
4238.2, 1.812e-07
4240.2, 1.8111e-07
4242.2, 1.8101e-07
4244.2, 1.8093e-07
4246.2, 1.8084e-07
4248.2, 1.8076e-07
4250.2, 1.8067e-07
4252.2, 1.8059e-07
4254.2, 1.805e-07
4256.3, 1.8041e-07
4258.3, 1.8033e-07
4260.3, 1.8024e-07
4262.3, 1.8016e-07
4264.3, 1.8007e-07
4266.3, 1.7999e-07
4268.3, 1.799e-07
4270.3, 1.7982e-07
4272.3, 1.7973e-07
4274.3, 1.7964e-07
4276.3, 1.7955e-07
4278.3, 1.7947e-07
4280.3, 1.7938e-07
4282.3, 1.793e-07
4284.3, 1.7922e-07
4286.3, 1.7913e-07
4288.3, 1.7905e-07
4290.3, 1.7896e-07
4292.3, 1.7888e-07
4294.3, 1.788e-07
4296.3, 1.7872e-07
4298.3, 1.7863e-07
4300.3, 1.7855e-07
4302.3, 1.7846e-07
4304.3, 1.7838e-07
4306.3, 1.7829e-07
4308.3, 1.7821e-07
4310.3, 1.7812e-07
4312.3, 1.7803e-07
4314.3, 1.7794e-07
4316.3, 1.7786e-07
4318.3, 1.7778e-07
4320.3, 1.777e-07
4322.3, 1.7761e-07
4324.3, 1.7752e-07
4326.3, 1.7743e-07
4328.3, 1.7735e-07
4330.3, 1.7726e-07
4332.3, 1.7717e-07
4334.3, 1.7709e-07
4336.3, 1.7701e-07
4338.3, 1.7693e-07
4340.3, 1.7684e-07
4342.3, 1.7677e-07
4344.3, 1.7669e-07
4346.3, 1.766e-07
4348.3, 1.7652e-07
4350.3, 1.7644e-07
4352.3, 1.7636e-07
4354.3, 1.7628e-07
4356.4, 1.7621e-07
4358.4, 1.7613e-07
4360.4, 1.7606e-07
4362.4, 1.7598e-07
4364.4, 1.759e-07
4366.4, 1.7582e-07
4368.4, 1.7574e-07
4370.4, 1.7566e-07
4372.4, 1.7558e-07
4374.4, 1.755e-07
4376.4, 1.7542e-07
4378.4, 1.7534e-07
4380.4, 1.7526e-07
4382.4, 1.7518e-07
4384.4, 1.751e-07
4386.4, 1.7502e-07
4388.4, 1.7494e-07
4390.4, 1.7486e-07
4392.4, 1.7478e-07
4394.4, 1.747e-07
4396.4, 1.7462e-07
4398.4, 1.7453e-07
4400.4, 1.7445e-07
4402.4, 1.7437e-07
4404.4, 1.743e-07
4406.4, 1.7421e-07
4408.4, 1.7413e-07
4410.4, 1.7405e-07
4412.4, 1.7397e-07
4414.4, 1.7389e-07
4416.4, 1.7381e-07
4418.4, 1.7373e-07
4420.4, 1.7365e-07
4422.4, 1.7357e-07
4424.4, 1.7348e-07
4426.4, 1.734e-07
4428.4, 1.7333e-07
4430.4, 1.7325e-07
4432.4, 1.7317e-07
4434.4, 1.7309e-07
4436.4, 1.7301e-07
4438.4, 1.7293e-07
4440.4, 1.7285e-07
4442.4, 1.7277e-07
4444.4, 1.7269e-07
4446.4, 1.7261e-07
4448.4, 1.7252e-07
4450.4, 1.7244e-07
4452.4, 1.7236e-07
4454.4, 1.7227e-07
4456.5, 1.722e-07
4458.5, 1.7212e-07
4460.5, 1.7203e-07
4462.5, 1.7195e-07
4464.5, 1.7186e-07
4466.5, 1.7177e-07
4468.5, 1.7169e-07
4470.5, 1.716e-07
4472.5, 1.7152e-07
4474.5, 1.7143e-07
4476.5, 1.7135e-07
4478.5, 1.7127e-07
4480.5, 1.7118e-07
4482.5, 1.711e-07
4484.5, 1.7102e-07
4486.5, 1.7094e-07
4488.5, 1.7085e-07
4490.5, 1.7077e-07
4492.5, 1.7069e-07
4494.5, 1.7062e-07
4496.5, 1.7054e-07
4498.5, 1.7046e-07
4500.5, 1.7038e-07
4502.5, 1.703e-07
4504.5, 1.7022e-07
4506.5, 1.7014e-07
4508.5, 1.7006e-07
4510.5, 1.6998e-07
4512.5, 1.699e-07
4514.5, 1.6982e-07
4516.5, 1.6973e-07
4518.5, 1.6965e-07
4520.5, 1.6957e-07
4522.5, 1.6949e-07
4524.5, 1.6941e-07
4526.5, 1.6933e-07
4528.5, 1.6925e-07
4530.5, 1.6917e-07
4532.5, 1.6909e-07
4534.5, 1.6901e-07
4536.5, 1.6893e-07
4538.5, 1.6884e-07
4540.5, 1.6876e-07
4542.5, 1.6867e-07
4544.5, 1.6858e-07
4546.5, 1.685e-07
4548.5, 1.6842e-07
4550.5, 1.6833e-07
4552.5, 1.6825e-07
4554.5, 1.6816e-07
4556.6, 1.6807e-07
4558.6, 1.6799e-07
4560.6, 1.6791e-07
4562.6, 1.6782e-07
4564.6, 1.6774e-07
4566.6, 1.6765e-07
4568.6, 1.6757e-07
4570.6, 1.6748e-07
4572.6, 1.6739e-07
4574.6, 1.673e-07
4576.6, 1.6722e-07
4578.6, 1.6713e-07
4580.6, 1.6704e-07
4582.6, 1.6696e-07
4584.6, 1.6687e-07
4586.6, 1.6679e-07
4588.6, 1.6671e-07
4590.6, 1.6662e-07
4592.6, 1.6653e-07
4594.6, 1.6645e-07
4596.6, 1.6636e-07
4598.6, 1.6627e-07
4600.6, 1.6619e-07
4602.6, 1.661e-07
4604.6, 1.6602e-07
4606.6, 1.6593e-07
4608.6, 1.6584e-07
4610.6, 1.6576e-07
4612.6, 1.6567e-07
4614.6, 1.6558e-07
4616.6, 1.6549e-07
4618.6, 1.6541e-07
4620.6, 1.6533e-07
4622.6, 1.6524e-07
4624.6, 1.6515e-07
4626.6, 1.6507e-07
4628.6, 1.6498e-07
4630.6, 1.649e-07
4632.6, 1.6481e-07
4634.6, 1.6473e-07
4636.6, 1.6464e-07
4638.6, 1.6456e-07
4640.6, 1.6447e-07
4642.6, 1.6438e-07
4644.6, 1.6429e-07
4646.6, 1.6421e-07
4648.6, 1.6412e-07
4650.6, 1.6403e-07
4652.6, 1.6394e-07
4654.6, 1.6386e-07
4656.7, 1.6377e-07
4658.7, 1.6368e-07
4660.7, 1.6358e-07
4662.7, 1.6349e-07
4664.7, 1.6341e-07
4666.7, 1.6332e-07
4668.7, 1.6323e-07
4670.7, 1.6313e-07
4672.7, 1.6304e-07
4674.7, 1.6295e-07
4676.7, 1.6286e-07
4678.7, 1.6277e-07
4680.7, 1.6268e-07
4682.7, 1.6259e-07
4684.7, 1.625e-07
4686.7, 1.6241e-07
4688.7, 1.6232e-07
4690.7, 1.6223e-07
4692.7, 1.6214e-07
4694.7, 1.6204e-07
4696.7, 1.6195e-07
4698.7, 1.6186e-07
4700.7, 1.6177e-07
4702.7, 1.6167e-07
4704.7, 1.6159e-07
4706.7, 1.6149e-07
4708.7, 1.614e-07
4710.7, 1.6131e-07
4712.7, 1.6122e-07
4714.7, 1.6113e-07
4716.7, 1.6104e-07
4718.7, 1.6094e-07
4720.7, 1.6085e-07
4722.7, 1.6076e-07
4724.7, 1.6066e-07
4726.7, 1.6056e-07
4728.7, 1.6048e-07
4730.7, 1.6039e-07
4732.7, 1.603e-07
4734.7, 1.6021e-07
4736.7, 1.6012e-07
4738.7, 1.6003e-07
4740.7, 1.5994e-07
4742.7, 1.5985e-07
4744.7, 1.5976e-07
4746.7, 1.5967e-07
4748.7, 1.5958e-07
4750.7, 1.595e-07
4752.7, 1.5941e-07
4754.7, 1.5932e-07
4756.8, 1.5923e-07
4758.8, 1.5914e-07
4760.8, 1.5906e-07
4762.8, 1.5897e-07
4764.8, 1.5888e-07
4766.8, 1.5879e-07
4768.8, 1.587e-07
4770.8, 1.5861e-07
4772.8, 1.5853e-07
4774.8, 1.5844e-07
4776.8, 1.5835e-07
4778.8, 1.5826e-07
4780.8, 1.5816e-07
4782.8, 1.5808e-07
4784.8, 1.5798e-07
4786.8, 1.5789e-07
4788.8, 1.5779e-07
4790.8, 1.577e-07
4792.8, 1.5761e-07
4794.8, 1.5752e-07
4796.8, 1.5742e-07
4798.8, 1.5733e-07
4800.8, 1.5724e-07
4802.8, 1.5714e-07
4804.8, 1.5704e-07
4806.8, 1.5695e-07
4808.8, 1.5686e-07
4810.8, 1.5678e-07
4812.8, 1.567e-07
4814.8, 1.5661e-07
4816.8, 1.5651e-07
4818.8, 1.5642e-07
4820.8, 1.5633e-07
4822.8, 1.5625e-07
4824.8, 1.5616e-07
4826.8, 1.5607e-07
4828.8, 1.5598e-07
4830.8, 1.559e-07
4832.8, 1.5581e-07
4834.8, 1.5573e-07
4836.8, 1.5565e-07
4838.8, 1.5557e-07
4840.8, 1.5548e-07
4842.8, 1.5539e-07
4844.8, 1.5531e-07
4846.8, 1.5522e-07
4848.8, 1.5513e-07
4850.8, 1.5505e-07
4852.8, 1.5496e-07
4854.8, 1.5487e-07
4856.9, 1.5478e-07
4858.9, 1.547e-07
4860.9, 1.5461e-07
4862.9, 1.5453e-07
4864.9, 1.5445e-07
4866.9, 1.5436e-07
4868.9, 1.5428e-07
4870.9, 1.5419e-07
4872.9, 1.5411e-07
4874.9, 1.5402e-07
4876.9, 1.5394e-07
4878.9, 1.5385e-07
4880.9, 1.5376e-07
4882.9, 1.5368e-07
4884.9, 1.5359e-07
4886.9, 1.535e-07
4888.9, 1.5342e-07
4890.9, 1.5333e-07
4892.9, 1.5325e-07
4894.9, 1.5317e-07
4896.9, 1.5308e-07
4898.9, 1.5301e-07
4900.9, 1.5292e-07
4902.9, 1.5284e-07
4904.9, 1.5276e-07
4906.9, 1.5267e-07
4908.9, 1.5259e-07
4910.9, 1.525e-07
4912.9, 1.5241e-07
4914.9, 1.5233e-07
4916.9, 1.5225e-07
4918.9, 1.5216e-07
4920.9, 1.5208e-07
4922.9, 1.5199e-07
4924.9, 1.5191e-07
4926.9, 1.5183e-07
4928.9, 1.5174e-07
4930.9, 1.5166e-07
4932.9, 1.5158e-07
4934.9, 1.515e-07
4936.9, 1.5142e-07
4938.9, 1.5134e-07
4940.9, 1.5126e-07
4942.9, 1.5118e-07
4944.9, 1.5109e-07
4946.9, 1.5102e-07
4948.9, 1.5093e-07
4950.9, 1.5086e-07
4952.9, 1.5079e-07
4954.9, 1.507e-07
4957.0, 1.5063e-07
4959.0, 1.5055e-07
4961.0, 1.5047e-07
4963.0, 1.5039e-07
4965.0, 1.5031e-07
4967.0, 1.5023e-07
4969.0, 1.5015e-07
4971.0, 1.5007e-07
4973.0, 1.4999e-07
4975.0, 1.4991e-07
4977.0, 1.4983e-07
4979.0, 1.4975e-07
4981.0, 1.4968e-07
4983.0, 1.496e-07
4985.0, 1.4953e-07
4987.0, 1.4945e-07
4989.0, 1.4937e-07
4991.0, 1.493e-07
4993.0, 1.4922e-07
4995.0, 1.4913e-07
4997.0, 1.4905e-07
4999.0, 1.4897e-07
5001.0, 1.4889e-07
5003.0, 1.4881e-07
5005.0, 1.4873e-07
5007.0, 1.4865e-07
5009.0, 1.4857e-07
5011.0, 1.4849e-07
5013.0, 1.484e-07
5015.0, 1.4832e-07
5017.0, 1.4824e-07
5019.0, 1.4815e-07
5021.0, 1.4808e-07
5023.0, 1.48e-07
5025.0, 1.4793e-07
5027.0, 1.4786e-07
5029.0, 1.4778e-07
5031.0, 1.477e-07
5033.0, 1.4763e-07
5035.0, 1.4755e-07
5037.0, 1.4748e-07
5039.0, 1.474e-07
5041.0, 1.4733e-07
5043.0, 1.4726e-07
5045.0, 1.4719e-07
5047.0, 1.4712e-07
5049.0, 1.4705e-07
5051.0, 1.4698e-07
5053.0, 1.469e-07
5055.0, 1.4683e-07
5057.1, 1.4676e-07
5059.1, 1.4669e-07
5061.1, 1.4661e-07
5063.1, 1.4654e-07
5065.1, 1.4647e-07
5067.1, 1.464e-07
5069.1, 1.4633e-07
5071.1, 1.4626e-07
5073.1, 1.4619e-07
5075.1, 1.4612e-07
5077.1, 1.4606e-07
5079.1, 1.4599e-07
5081.1, 1.4592e-07
5083.1, 1.4584e-07
5085.1, 1.4577e-07
5087.1, 1.457e-07
5089.1, 1.4563e-07
5091.1, 1.4555e-07
5093.1, 1.4547e-07
5095.1, 1.4539e-07
5097.1, 1.4531e-07
5099.1, 1.4523e-07
5101.1, 1.4515e-07
5103.1, 1.4507e-07
5105.1, 1.4499e-07
5107.1, 1.4491e-07
5109.1, 1.4484e-07
5111.1, 1.4476e-07
5113.1, 1.4467e-07
5115.1, 1.4459e-07
5117.1, 1.4452e-07
5119.1, 1.4443e-07
5121.1, 1.4435e-07
5123.1, 1.4428e-07
5125.1, 1.442e-07
5127.1, 1.4413e-07
5129.1, 1.4405e-07
5131.1, 1.4397e-07
5133.1, 1.439e-07
5135.1, 1.4383e-07
5137.1, 1.4376e-07
5139.1, 1.4368e-07
5141.1, 1.436e-07
5143.1, 1.4353e-07
5145.1, 1.4346e-07
5147.1, 1.4344e-07
5149.1, 1.4367e-07
5151.1, 1.4389e-07
5153.1, 1.4412e-07
5155.1, 1.4436e-07
5157.2, 1.446e-07
5159.2, 1.4486e-07
5161.2, 1.4513e-07
5163.2, 1.454e-07
5165.2, 1.4565e-07
5167.2, 1.4591e-07
5169.2, 1.4616e-07
5171.2, 1.464e-07
5173.2, 1.4666e-07
5175.2, 1.4692e-07
5177.2, 1.4718e-07
5179.2, 1.4746e-07
5181.2, 1.4773e-07
5183.2, 1.48e-07
5185.2, 1.4825e-07
5187.2, 1.4852e-07
5189.2, 1.4878e-07
5191.2, 1.4903e-07
5193.2, 1.4929e-07
5195.2, 1.4957e-07
5197.2, 1.4982e-07
5199.2, 1.5006e-07
5201.2, 1.503e-07
5203.2, 1.5057e-07
5205.2, 1.5083e-07
5207.2, 1.5109e-07
5209.2, 1.5136e-07
5211.2, 1.5162e-07
5213.2, 1.5187e-07
5215.2, 1.5214e-07
5217.2, 1.5239e-07
5219.2, 1.5265e-07
5221.2, 1.5291e-07
5223.2, 1.5316e-07
5225.2, 1.534e-07
5227.2, 1.5364e-07
5229.2, 1.539e-07
5231.2, 1.5417e-07
5233.2, 1.5443e-07
5235.2, 1.5469e-07
5237.2, 1.5497e-07
5239.2, 1.5525e-07
5241.2, 1.5553e-07
5243.2, 1.558e-07
5245.2, 1.5606e-07
5247.2, 1.5635e-07
5249.2, 1.5664e-07
5251.2, 1.5691e-07
5253.2, 1.5718e-07
5255.2, 1.5743e-07
5257.3, 1.5768e-07
5259.3, 1.5794e-07
5261.3, 1.5819e-07
5263.3, 1.5844e-07
5265.3, 1.5868e-07
5267.3, 1.5893e-07
5269.3, 1.5922e-07
5271.3, 1.5949e-07
5273.3, 1.5977e-07
5275.3, 1.6005e-07
5277.3, 1.6031e-07
5279.3, 1.6058e-07
5281.3, 1.6083e-07
5283.3, 1.6109e-07
5285.3, 1.6137e-07
5287.3, 1.6164e-07
5289.3, 1.6195e-07
5291.3, 1.6222e-07
5293.3, 1.6249e-07
5295.3, 1.6278e-07
5297.3, 1.6307e-07
5299.3, 1.6335e-07
5301.3, 1.6361e-07
5303.3, 1.6387e-07
5305.3, 1.6415e-07
5307.3, 1.6444e-07
5309.3, 1.6471e-07
5311.3, 1.6497e-07
5313.3, 1.6525e-07
5315.3, 1.6551e-07
5317.3, 1.6579e-07
5319.3, 1.6607e-07
5321.3, 1.6634e-07
5323.3, 1.6663e-07
5325.3, 1.6688e-07
5327.3, 1.6713e-07
5329.3, 1.6742e-07
5331.3, 1.6769e-07
5333.3, 1.6795e-07
5335.3, 1.6821e-07
5337.3, 1.6846e-07
5339.3, 1.6872e-07
5341.3, 1.69e-07
5343.3, 1.6925e-07
5345.3, 1.6955e-07
5347.3, 1.6983e-07
5349.3, 1.7011e-07
5351.3, 1.7038e-07
5353.3, 1.7061e-07
5355.3, 1.7088e-07
5357.4, 1.7117e-07
5359.4, 1.7147e-07
5361.4, 1.7176e-07
5363.4, 1.7203e-07
5365.4, 1.7234e-07
5367.4, 1.7264e-07
5369.4, 1.7292e-07
5371.4, 1.7321e-07
5373.4, 1.735e-07
5375.4, 1.738e-07
5377.4, 1.7406e-07
5379.4, 1.7431e-07
5381.4, 1.7458e-07
5383.4, 1.7484e-07
5385.4, 1.7513e-07
5387.4, 1.7538e-07
5389.4, 1.7566e-07
5391.4, 1.7593e-07
5393.4, 1.7618e-07
5395.4, 1.7646e-07
5397.4, 1.7674e-07
5399.4, 1.7702e-07
5401.4, 1.7731e-07
5403.4, 1.7758e-07
5405.4, 1.7784e-07
5407.4, 1.7811e-07
5409.4, 1.7836e-07
5411.4, 1.7864e-07
5413.4, 1.7893e-07
5415.4, 1.7922e-07
5417.4, 1.7948e-07
5419.4, 1.7974e-07
5421.4, 1.8001e-07
5423.4, 1.8028e-07
5425.4, 1.8056e-07
5427.4, 1.8084e-07
5429.4, 1.8113e-07
5431.4, 1.8142e-07
5433.4, 1.8169e-07
5435.4, 1.8197e-07
5437.4, 1.8225e-07
5439.4, 1.8254e-07
5441.4, 1.8281e-07
5443.4, 1.8309e-07
5445.4, 1.8337e-07
5447.4, 1.8363e-07
5449.4, 1.8391e-07
5451.4, 1.842e-07
5453.4, 1.8447e-07
5455.4, 1.8472e-07
5457.5, 1.8499e-07
5459.5, 1.8526e-07
5461.5, 1.8553e-07
5463.5, 1.8581e-07
5465.5, 1.8611e-07
5467.5, 1.8638e-07
5469.5, 1.8665e-07
5471.5, 1.8693e-07
5473.5, 1.8719e-07
5475.5, 1.875e-07
5477.5, 1.8779e-07
5479.5, 1.8808e-07
5481.5, 1.8835e-07
5483.5, 1.8862e-07
5485.5, 1.889e-07
5487.5, 1.8919e-07
5489.5, 1.8947e-07
5491.5, 1.8975e-07
5493.5, 1.9006e-07
5495.5, 1.9034e-07
5497.5, 1.9059e-07
5499.5, 1.9088e-07
5501.5, 1.9117e-07
5503.5, 1.9145e-07
5505.5, 1.9171e-07
5507.5, 1.9199e-07
5509.5, 1.9225e-07
5511.5, 1.9251e-07
5513.5, 1.9278e-07
5515.5, 1.9306e-07
5517.5, 1.9333e-07
5519.5, 1.9361e-07
5521.5, 1.9389e-07
5523.5, 1.9416e-07
5525.5, 1.9442e-07
5527.5, 1.9472e-07
5529.5, 1.9499e-07
5531.5, 1.9528e-07
5533.5, 1.9556e-07
5535.5, 1.9584e-07
5537.5, 1.961e-07
5539.5, 1.9636e-07
5541.5, 1.9664e-07
5543.5, 1.9693e-07
5545.5, 1.9723e-07
5547.5, 1.9752e-07
5549.5, 1.9782e-07
5551.5, 1.9812e-07
5553.5, 1.9841e-07
5555.5, 1.9871e-07
5557.6, 1.9901e-07
5559.6, 1.993e-07
5561.6, 1.9959e-07
5563.6, 1.9986e-07
5565.6, 2.0015e-07
5567.6, 2.0042e-07
5569.6, 2.007e-07
5571.6, 2.01e-07
5573.6, 2.0128e-07
5575.6, 2.0156e-07
5577.6, 2.0185e-07
5579.6, 2.0214e-07
5581.6, 2.0242e-07
5583.6, 2.0267e-07
5585.6, 2.0295e-07
5587.6, 2.0324e-07
5589.6, 2.0351e-07
5591.6, 2.038e-07
5593.6, 2.0408e-07
5595.6, 2.0436e-07
5597.6, 2.0463e-07
5599.6, 2.0491e-07
5601.6, 2.0518e-07
5603.6, 2.0546e-07
5605.6, 2.0576e-07
5607.6, 2.0605e-07
5609.6, 2.0632e-07
5611.6, 2.066e-07
5613.6, 2.0685e-07
5615.6, 2.0711e-07
5617.6, 2.0737e-07
5619.6, 2.0763e-07
5621.6, 2.079e-07
5623.6, 2.0815e-07
5625.6, 2.084e-07
5627.6, 2.0866e-07
5629.6, 2.0895e-07
5631.6, 2.0923e-07
5633.6, 2.095e-07
5635.6, 2.0978e-07
5637.6, 2.1008e-07
5639.6, 2.1037e-07
5641.6, 2.1065e-07
5643.6, 2.1092e-07
5645.6, 2.1119e-07
5647.6, 2.1146e-07
5649.6, 2.1175e-07
5651.6, 2.1204e-07
5653.6, 2.123e-07
5655.6, 2.1257e-07
5657.7, 2.1284e-07
5659.7, 2.1311e-07
5661.7, 2.134e-07
5663.7, 2.1366e-07
5665.7, 2.1393e-07
5667.7, 2.1421e-07
5669.7, 2.1448e-07
5671.7, 2.1479e-07
5673.7, 2.1505e-07
5675.7, 2.1532e-07
5677.7, 2.1557e-07
5679.7, 2.1585e-07
5681.7, 2.1614e-07
5683.7, 2.1642e-07
5685.7, 2.1673e-07
5687.7, 2.1703e-07
5689.7, 2.1735e-07
5691.7, 2.1768e-07
5693.7, 2.1798e-07
5695.7, 2.1825e-07
5697.7, 2.1852e-07
5699.7, 2.1879e-07
5701.7, 2.1907e-07
5703.7, 2.1938e-07
5705.7, 2.1967e-07
5707.7, 2.1996e-07
5709.7, 2.2025e-07
5711.7, 2.2054e-07
5713.7, 2.2081e-07
5715.7, 2.2108e-07
5717.7, 2.2139e-07
5719.7, 2.2168e-07
5721.7, 2.2196e-07
5723.7, 2.2224e-07
5725.7, 2.225e-07
5727.7, 2.228e-07
5729.7, 2.2309e-07
5731.7, 2.234e-07
5733.7, 2.237e-07
5735.7, 2.2397e-07
5737.7, 2.2423e-07
5739.7, 2.2451e-07
5741.7, 2.2479e-07
5743.7, 2.2506e-07
5745.7, 2.2534e-07
5747.7, 2.2564e-07
5749.7, 2.2596e-07
5751.7, 2.2628e-07
5753.7, 2.2659e-07
5755.7, 2.2688e-07
5757.8, 2.2715e-07
5759.8, 2.2744e-07
5761.8, 2.2774e-07
5763.8, 2.2803e-07
5765.8, 2.2832e-07
5767.8, 2.2861e-07
5769.8, 2.2893e-07
5771.8, 2.2924e-07
5773.8, 2.2955e-07
5775.8, 2.2982e-07
5777.8, 2.3012e-07
5779.8, 2.3042e-07
5781.8, 2.3073e-07
5783.8, 2.3101e-07
5785.8, 2.3128e-07
5787.8, 2.3158e-07
5789.8, 2.3187e-07
5791.8, 2.3215e-07
5793.8, 2.3246e-07
5795.8, 2.3278e-07
5797.8, 2.3306e-07
5799.8, 2.3337e-07
5801.8, 2.3365e-07
5803.8, 2.3397e-07
5805.8, 2.3426e-07
5807.8, 2.3453e-07
5809.8, 2.3479e-07
5811.8, 2.3508e-07
5813.8, 2.3536e-07
5815.8, 2.3564e-07
5817.8, 2.359e-07
5819.8, 2.3618e-07
5821.8, 2.3647e-07
5823.8, 2.3675e-07
5825.8, 2.3708e-07
5827.8, 2.3739e-07
5829.8, 2.3768e-07
5831.8, 2.3798e-07
5833.8, 2.3826e-07
5835.8, 2.3858e-07
5837.8, 2.3886e-07
5839.8, 2.3915e-07
5841.8, 2.3944e-07
5843.8, 2.397e-07
5845.8, 2.3998e-07
5847.8, 2.4028e-07
5849.8, 2.4058e-07
5851.8, 2.4087e-07
5853.8, 2.4117e-07
5855.8, 2.4146e-07
5857.9, 2.4171e-07
5859.9, 2.4199e-07
5861.9, 2.4228e-07
5863.9, 2.4257e-07
5865.9, 2.4285e-07
5867.9, 2.4315e-07
5869.9, 2.4344e-07
5871.9, 2.4371e-07
5873.9, 2.4399e-07
5875.9, 2.4428e-07
5877.9, 2.446e-07
5879.9, 2.4487e-07
5881.9, 2.4516e-07
5883.9, 2.4545e-07
5885.9, 2.4572e-07
5887.9, 2.4599e-07
5889.9, 2.4629e-07
5891.9, 2.4658e-07
5893.9, 2.4685e-07
5895.9, 2.4711e-07
5897.9, 2.474e-07
5899.9, 2.4769e-07
5901.9, 2.4795e-07
5903.9, 2.4821e-07
5905.9, 2.4848e-07
5907.9, 2.4876e-07
5909.9, 2.4905e-07
5911.9, 2.4936e-07
5913.9, 2.4966e-07
5915.9, 2.4996e-07
5917.9, 2.5026e-07
5919.9, 2.5056e-07
5921.9, 2.5084e-07
5923.9, 2.5112e-07
5925.9, 2.5141e-07
5927.9, 2.5171e-07
5929.9, 2.5201e-07
5931.9, 2.5232e-07
5933.9, 2.526e-07
5935.9, 2.529e-07
5937.9, 2.5318e-07
5939.9, 2.5348e-07
5941.9, 2.5378e-07
5943.9, 2.5406e-07
5945.9, 2.5435e-07
5947.9, 2.5463e-07
5949.9, 2.5492e-07
5951.9, 2.552e-07
5953.9, 2.5549e-07
5955.9, 2.5578e-07
5958.0, 2.5605e-07
5960.0, 2.5633e-07
5962.0, 2.5662e-07
5964.0, 2.5692e-07
5966.0, 2.5722e-07
5968.0, 2.5748e-07
5970.0, 2.5776e-07
5972.0, 2.5804e-07
5974.0, 2.5833e-07
5976.0, 2.5865e-07
5978.0, 2.5893e-07
5980.0, 2.5922e-07
5982.0, 2.595e-07
5984.0, 2.5976e-07
5986.0, 2.6005e-07
5988.0, 2.6033e-07
5990.0, 2.6062e-07
5992.0, 2.6092e-07
5994.0, 2.6121e-07
5996.0, 2.615e-07
5998.0, 2.6179e-07
6000.0, 2.6205e-07
6002.0, 2.6231e-07
6004.0, 2.6259e-07
6006.0, 2.6289e-07
6008.0, 2.6319e-07
6010.0, 2.6347e-07
6012.0, 2.6376e-07
6014.0, 2.6403e-07
6016.0, 2.6433e-07
6018.0, 2.6463e-07
6020.0, 2.6492e-07
6022.0, 2.6523e-07
6024.0, 2.6552e-07
6026.0, 2.6582e-07
6028.0, 2.6612e-07
6030.0, 2.6644e-07
6032.0, 2.6674e-07
6034.0, 2.6704e-07
6036.0, 2.6732e-07
6038.0, 2.6759e-07
6040.0, 2.6789e-07
6042.0, 2.6819e-07
6044.0, 2.6846e-07
6046.0, 2.6877e-07
6048.0, 2.6905e-07
6050.0, 2.6932e-07
6052.0, 2.6961e-07
6054.0, 2.6992e-07
6056.0, 2.7022e-07
6058.1, 2.7051e-07
6060.1, 2.708e-07
6062.1, 2.711e-07
6064.1, 2.714e-07
6066.1, 2.7167e-07
6068.1, 2.7193e-07
6070.1, 2.7222e-07
6072.1, 2.7252e-07
6074.1, 2.7283e-07
6076.1, 2.7312e-07
6078.1, 2.7338e-07
6080.1, 2.7366e-07
6082.1, 2.7395e-07
6084.1, 2.7427e-07
6086.1, 2.7455e-07
6088.1, 2.7482e-07
6090.1, 2.7512e-07
6092.1, 2.7543e-07
6094.1, 2.757e-07
6096.1, 2.7599e-07
6098.1, 2.7627e-07
6100.1, 2.7657e-07
6102.1, 2.7685e-07
6104.1, 2.7716e-07
6106.1, 2.7748e-07
6108.1, 2.7778e-07
6110.1, 2.7805e-07
6112.1, 2.7836e-07
6114.1, 2.7866e-07
6116.1, 2.7896e-07
6118.1, 2.7925e-07
6120.1, 2.7953e-07
6122.1, 2.7984e-07
6124.1, 2.8014e-07
6126.1, 2.8043e-07
6128.1, 2.8074e-07
6130.1, 2.8103e-07
6132.1, 2.8132e-07
6134.1, 2.8162e-07
6136.1, 2.8191e-07
6138.1, 2.8221e-07
6140.1, 2.825e-07
6142.1, 2.828e-07
6144.1, 2.8308e-07
6146.1, 2.8335e-07
6148.1, 2.8356e-07
6150.1, 2.8351e-07
6152.1, 2.8343e-07
6154.1, 2.8335e-07
6156.1, 2.8327e-07
6158.2, 2.8319e-07
6160.2, 2.831e-07
6162.2, 2.8302e-07
6164.2, 2.8293e-07
6166.2, 2.8285e-07
6168.2, 2.8278e-07
6170.2, 2.827e-07
6172.2, 2.8262e-07
6174.2, 2.8254e-07
6176.2, 2.8246e-07
6178.2, 2.8238e-07
6180.2, 2.823e-07
6182.2, 2.8222e-07
6184.2, 2.8213e-07
6186.2, 2.8205e-07
6188.2, 2.8197e-07
6190.2, 2.8189e-07
6192.2, 2.8181e-07
6194.2, 2.8173e-07
6196.2, 2.8165e-07
6198.2, 2.8158e-07
6200.2, 2.8149e-07
6202.2, 2.8142e-07
6204.2, 2.8134e-07
6206.2, 2.8126e-07
6208.2, 2.8118e-07
6210.2, 2.811e-07
6212.2, 2.8103e-07
6214.2, 2.8094e-07
6216.2, 2.8086e-07
6218.2, 2.8078e-07
6220.2, 2.807e-07
6222.2, 2.8062e-07
6224.2, 2.8054e-07
6226.2, 2.8046e-07
6228.2, 2.8038e-07
6230.2, 2.803e-07
6232.2, 2.8022e-07
6234.2, 2.8014e-07
6236.2, 2.8006e-07
6238.2, 2.7998e-07
6240.2, 2.799e-07
6242.2, 2.7981e-07
6244.2, 2.7973e-07
6246.2, 2.7964e-07
6248.2, 2.7956e-07
6250.2, 2.7947e-07
6252.2, 2.7938e-07
6254.2, 2.7929e-07
6256.2, 2.7921e-07
6258.3, 2.7913e-07
6260.3, 2.7904e-07
6262.3, 2.7896e-07
6264.3, 2.7888e-07
6266.3, 2.788e-07
6268.3, 2.7871e-07
6270.3, 2.7863e-07
6272.3, 2.7855e-07
6274.3, 2.7847e-07
6276.3, 2.7839e-07
6278.3, 2.7832e-07
6280.3, 2.7824e-07
6282.3, 2.7817e-07
6284.3, 2.7809e-07
6286.3, 2.7801e-07
6288.3, 2.7793e-07
6290.3, 2.7785e-07
6292.3, 2.7777e-07
6294.3, 2.7768e-07
6296.3, 2.776e-07
6298.3, 2.7751e-07
6300.3, 2.7743e-07
6302.3, 2.7735e-07
6304.3, 2.7727e-07
6306.3, 2.7719e-07
6308.3, 2.7711e-07
6310.3, 2.7703e-07
6312.3, 2.7695e-07
6314.3, 2.7687e-07
6316.3, 2.768e-07
6318.3, 2.7672e-07
6320.3, 2.7663e-07
6322.3, 2.7655e-07
6324.3, 2.7647e-07
6326.3, 2.7639e-07
6328.3, 2.7631e-07
6330.3, 2.7624e-07
6332.3, 2.7616e-07
6334.3, 2.7608e-07
6336.3, 2.76e-07
6338.3, 2.7592e-07
6340.3, 2.7583e-07
6342.3, 2.7574e-07
6344.3, 2.7567e-07
6346.3, 2.7559e-07
6348.3, 2.7551e-07
6350.3, 2.7542e-07
6352.3, 2.7534e-07
6354.3, 2.7526e-07
6356.3, 2.7518e-07
6358.4, 2.7511e-07
6360.4, 2.7503e-07
6362.4, 2.7494e-07
6364.4, 2.7486e-07
6366.4, 2.7478e-07
6368.4, 2.747e-07
6370.4, 2.7462e-07
6372.4, 2.7454e-07
6374.4, 2.7446e-07
6376.4, 2.7438e-07
6378.4, 2.7429e-07
6380.4, 2.7422e-07
6382.4, 2.7414e-07
6384.4, 2.7406e-07
6386.4, 2.7398e-07
6388.4, 2.739e-07
6390.4, 2.7382e-07
6392.4, 2.7374e-07
6394.4, 2.7365e-07
6396.4, 2.7357e-07
6398.4, 2.7349e-07
6400.4, 2.7341e-07
6402.4, 2.7333e-07
6404.4, 2.7324e-07
6406.4, 2.7316e-07
6408.4, 2.7307e-07
6410.4, 2.7299e-07
6412.4, 2.729e-07
6414.4, 2.7282e-07
6416.4, 2.7273e-07
6418.4, 2.7265e-07
6420.4, 2.7257e-07
6422.4, 2.7249e-07
6424.4, 2.7241e-07
6426.4, 2.7234e-07
6428.4, 2.7226e-07
6430.4, 2.7219e-07
6432.4, 2.721e-07
6434.4, 2.7202e-07
6436.4, 2.7194e-07
6438.4, 2.7186e-07
6440.4, 2.7177e-07
6442.4, 2.7169e-07
6444.4, 2.7161e-07
6446.4, 2.7153e-07
6448.4, 2.7144e-07
6450.4, 2.7136e-07
6452.4, 2.7128e-07
6454.4, 2.712e-07
6456.4, 2.7112e-07
6458.5, 2.7104e-07
6460.5, 2.7096e-07
6462.5, 2.7089e-07
6464.5, 2.7081e-07
6466.5, 2.7073e-07
6468.5, 2.7065e-07
6470.5, 2.7057e-07
6472.5, 2.7049e-07
6474.5, 2.7042e-07
6476.5, 2.7034e-07
6478.5, 2.7026e-07
6480.5, 2.7018e-07
6482.5, 2.701e-07
6484.5, 2.7002e-07
6486.5, 2.6994e-07
6488.5, 2.6986e-07
6490.5, 2.6978e-07
6492.5, 2.6971e-07
6494.5, 2.6962e-07
6496.5, 2.6954e-07
6498.5, 2.6947e-07
6500.5, 2.6939e-07
6502.5, 2.6931e-07
6504.5, 2.6923e-07
6506.5, 2.6915e-07
6508.5, 2.6907e-07
6510.5, 2.6899e-07
6512.5, 2.6891e-07
6514.5, 2.6882e-07
6516.5, 2.6875e-07
6518.5, 2.6867e-07
6520.5, 2.686e-07
6522.5, 2.6852e-07
6524.5, 2.6844e-07
6526.5, 2.6837e-07
6528.5, 2.6828e-07
6530.5, 2.6821e-07
6532.5, 2.6813e-07
6534.5, 2.6805e-07
6536.5, 2.6798e-07
6538.5, 2.6791e-07
6540.5, 2.6784e-07
6542.5, 2.6776e-07
6544.5, 2.6769e-07
6546.5, 2.6762e-07
6548.5, 2.6753e-07
6550.5, 2.6745e-07
6552.5, 2.6737e-07
6554.5, 2.6729e-07
6556.5, 2.672e-07
6558.6, 2.6711e-07
6560.6, 2.6704e-07
6562.6, 2.6695e-07
6564.6, 2.6687e-07
6566.6, 2.6678e-07
6568.6, 2.667e-07
6570.6, 2.6663e-07
6572.6, 2.6654e-07
6574.6, 2.6646e-07
6576.6, 2.6638e-07
6578.6, 2.663e-07
6580.6, 2.6623e-07
6582.6, 2.6615e-07
6584.6, 2.6607e-07
6586.6, 2.6599e-07
6588.6, 2.6591e-07
6590.6, 2.6583e-07
6592.6, 2.6576e-07
6594.6, 2.6567e-07
6596.6, 2.6559e-07
6598.6, 2.6551e-07
6600.6, 2.6543e-07
6602.6, 2.6535e-07
6604.6, 2.6527e-07
6606.6, 2.6519e-07
6608.6, 2.6511e-07
6610.6, 2.6503e-07
6612.6, 2.6495e-07
6614.6, 2.6486e-07
6616.6, 2.6478e-07
6618.6, 2.647e-07
6620.6, 2.6462e-07
6622.6, 2.6454e-07
6624.6, 2.6445e-07
6626.6, 2.6437e-07
6628.6, 2.6429e-07
6630.6, 2.6421e-07
6632.6, 2.6413e-07
6634.6, 2.6406e-07
6636.6, 2.6398e-07
6638.6, 2.639e-07
6640.6, 2.6382e-07
6642.6, 2.6375e-07
6644.6, 2.6368e-07
6646.6, 2.636e-07
6648.6, 2.6353e-07
6650.6, 2.6345e-07
6652.6, 2.6338e-07
6654.6, 2.633e-07
6656.6, 2.6323e-07
6658.7, 2.6315e-07
6660.7, 2.6307e-07
6662.7, 2.63e-07
6664.7, 2.6292e-07
6666.7, 2.6285e-07
6668.7, 2.6278e-07
6670.7, 2.627e-07
6672.7, 2.6263e-07
6674.7, 2.6255e-07
6676.7, 2.6247e-07
6678.7, 2.624e-07
6680.7, 2.6233e-07
6682.7, 2.6225e-07
6684.7, 2.6218e-07
6686.7, 2.621e-07
6688.7, 2.6202e-07
6690.7, 2.6195e-07
6692.7, 2.6187e-07
6694.7, 2.618e-07
6696.7, 2.6174e-07
6698.7, 2.6166e-07
6700.7, 2.6159e-07
6702.7, 2.6152e-07
6704.7, 2.6145e-07
6706.7, 2.6137e-07
6708.7, 2.6129e-07
6710.7, 2.6122e-07
6712.7, 2.6114e-07
6714.7, 2.6107e-07
6716.7, 2.6098e-07
6718.7, 2.609e-07
6720.7, 2.6082e-07
6722.7, 2.6074e-07
6724.7, 2.6066e-07
6726.7, 2.6057e-07
6728.7, 2.6049e-07
6730.7, 2.6041e-07
6732.7, 2.6033e-07
6734.7, 2.6025e-07
6736.7, 2.6018e-07
6738.7, 2.601e-07
6740.7, 2.6002e-07
6742.7, 2.5995e-07
6744.7, 2.5987e-07
6746.7, 2.5979e-07
6748.7, 2.5972e-07
6750.7, 2.5964e-07
6752.7, 2.5957e-07
6754.7, 2.595e-07
6756.7, 2.5942e-07
6758.8, 2.5935e-07
6760.8, 2.5927e-07
6762.8, 2.592e-07
6764.8, 2.5913e-07
6766.8, 2.5906e-07
6768.8, 2.5898e-07
6770.8, 2.5891e-07
6772.8, 2.5884e-07
6774.8, 2.5877e-07
6776.8, 2.587e-07
6778.8, 2.5863e-07
6780.8, 2.5855e-07
6782.8, 2.5848e-07
6784.8, 2.584e-07
6786.8, 2.5832e-07
6788.8, 2.5825e-07
6790.8, 2.5817e-07
6792.8, 2.581e-07
6794.8, 2.5802e-07
6796.8, 2.5795e-07
6798.8, 2.5787e-07
6800.8, 2.578e-07
6802.8, 2.5773e-07
6804.8, 2.5765e-07
6806.8, 2.5757e-07
6808.8, 2.575e-07
6810.8, 2.5743e-07
6812.8, 2.5736e-07
6814.8, 2.5729e-07
6816.8, 2.5721e-07
6818.8, 2.5714e-07
6820.8, 2.5707e-07
6822.8, 2.57e-07
6824.8, 2.5692e-07
6826.8, 2.5685e-07
6828.8, 2.5678e-07
6830.8, 2.567e-07
6832.8, 2.5663e-07
6834.8, 2.5655e-07
6836.8, 2.5648e-07
6838.8, 2.5641e-07
6840.8, 2.5633e-07
6842.8, 2.5626e-07
6844.8, 2.5618e-07
6846.8, 2.561e-07
6848.8, 2.5602e-07
6850.8, 2.5594e-07
6852.8, 2.5586e-07
6854.8, 2.5578e-07
6856.8, 2.557e-07
6858.9, 2.5562e-07
6860.9, 2.5554e-07
6862.9, 2.5547e-07
6864.9, 2.5538e-07
6866.9, 2.553e-07
6868.9, 2.5521e-07
6870.9, 2.5513e-07
6872.9, 2.5505e-07
6874.9, 2.5498e-07
6876.9, 2.549e-07
6878.9, 2.5482e-07
6880.9, 2.5474e-07
6882.9, 2.5466e-07
6884.9, 2.5459e-07
6886.9, 2.545e-07
6888.9, 2.5442e-07
6890.9, 2.5434e-07
6892.9, 2.5426e-07
6894.9, 2.5418e-07
6896.9, 2.541e-07
6898.9, 2.5402e-07
6900.9, 2.5393e-07
6902.9, 2.5384e-07
6904.9, 2.5376e-07
6906.9, 2.5367e-07
6908.9, 2.5359e-07
6910.9, 2.5351e-07
6912.9, 2.5342e-07
6914.9, 2.5334e-07
6916.9, 2.5326e-07
6918.9, 2.5317e-07
6920.9, 2.5309e-07
6922.9, 2.5301e-07
6924.9, 2.5294e-07
6926.9, 2.5286e-07
6928.9, 2.5278e-07
6930.9, 2.5269e-07
6932.9, 2.5262e-07
6934.9, 2.5254e-07
6936.9, 2.5246e-07
6938.9, 2.5238e-07
6940.9, 2.523e-07
6942.9, 2.5222e-07
6944.9, 2.5215e-07
6946.9, 2.5206e-07
6948.9, 2.5198e-07
6950.9, 2.5191e-07
6952.9, 2.5183e-07
6954.9, 2.5174e-07
6956.9, 2.5167e-07
6959.0, 2.5159e-07
6961.0, 2.5151e-07
6963.0, 2.5144e-07
6965.0, 2.5136e-07
6967.0, 2.5128e-07
6969.0, 2.512e-07
6971.0, 2.5111e-07
6973.0, 2.5103e-07
6975.0, 2.5095e-07
6977.0, 2.5087e-07
6979.0, 2.5079e-07
6981.0, 2.5071e-07
6983.0, 2.5063e-07
6985.0, 2.5055e-07
6987.0, 2.5046e-07
6989.0, 2.5038e-07
6991.0, 2.503e-07
6993.0, 2.5023e-07
6995.0, 2.5015e-07
6997.0, 2.5008e-07
6999.0, 2.5001e-07
7001.0, 2.4993e-07
7003.0, 2.4985e-07
7005.0, 2.4978e-07
7007.0, 2.4969e-07
7009.0, 2.4961e-07
7011.0, 2.4953e-07
7013.0, 2.4945e-07
7015.0, 2.4938e-07
7017.0, 2.493e-07
7019.0, 2.4922e-07
7021.0, 2.4914e-07
7023.0, 2.4907e-07
7025.0, 2.4898e-07
7027.0, 2.489e-07
7029.0, 2.4882e-07
7031.0, 2.4874e-07
7033.0, 2.4866e-07
7035.0, 2.4858e-07
7037.0, 2.485e-07
7039.0, 2.4842e-07
7041.0, 2.4835e-07
7043.0, 2.4827e-07
7045.0, 2.4819e-07
7047.0, 2.4811e-07
7049.0, 2.4802e-07
7051.0, 2.4794e-07
7053.0, 2.4786e-07
7055.0, 2.4778e-07
7057.0, 2.477e-07
7059.1, 2.4762e-07
7061.1, 2.4754e-07
7063.1, 2.4746e-07
7065.1, 2.4739e-07
7067.1, 2.4731e-07
7069.1, 2.4723e-07
7071.1, 2.4715e-07
7073.1, 2.4707e-07
7075.1, 2.4699e-07
7077.1, 2.469e-07
7079.1, 2.4683e-07
7081.1, 2.4675e-07
7083.1, 2.4667e-07
7085.1, 2.4659e-07
7087.1, 2.465e-07
7089.1, 2.4642e-07
7091.1, 2.4634e-07
7093.1, 2.4627e-07
7095.1, 2.4619e-07
7097.1, 2.4611e-07
7099.1, 2.4603e-07
7101.1, 2.4596e-07
7103.1, 2.4588e-07
7105.1, 2.458e-07
7107.1, 2.4572e-07
7109.1, 2.4564e-07
7111.1, 2.4556e-07
7113.1, 2.4548e-07
7115.1, 2.4541e-07
7117.1, 2.4532e-07
7119.1, 2.4524e-07
7121.1, 2.4516e-07
7123.1, 2.4508e-07
7125.1, 2.45e-07
7127.1, 2.4491e-07
7129.1, 2.4483e-07
7131.1, 2.4475e-07
7133.1, 2.4467e-07
7135.1, 2.4458e-07
7137.1, 2.445e-07
7139.1, 2.4441e-07
7141.1, 2.4433e-07
7143.1, 2.4425e-07
7145.1, 2.4417e-07
7147.1, 2.4409e-07
7149.1, 2.4401e-07
7151.1, 2.4393e-07
7153.1, 2.4384e-07
7155.1, 2.4376e-07
7157.1, 2.4367e-07
7159.2, 2.4359e-07
7161.2, 2.4351e-07
7163.2, 2.4342e-07
7165.2, 2.4334e-07
7167.2, 2.4326e-07
7169.2, 2.4318e-07
7171.2, 2.4311e-07
7173.2, 2.4303e-07
7175.2, 2.4296e-07
7177.2, 2.4288e-07
7179.2, 2.428e-07
7181.2, 2.4272e-07
7183.2, 2.4264e-07
7185.2, 2.4256e-07
7187.2, 2.4269e-07
7189.2, 2.4291e-07
7191.2, 2.4317e-07
7193.2, 2.4342e-07
7195.2, 2.4365e-07
7197.2, 2.4389e-07
7199.2, 2.4415e-07
7201.2, 2.4438e-07
7203.2, 2.4464e-07
7205.2, 2.449e-07
7207.2, 2.4513e-07
7209.2, 2.4537e-07
7211.2, 2.4562e-07
7213.2, 2.4589e-07
7215.2, 2.4617e-07
7217.2, 2.4645e-07
7219.2, 2.4671e-07
7221.2, 2.4697e-07
7223.2, 2.4721e-07
7225.2, 2.4748e-07
7227.2, 2.4772e-07
7229.2, 2.4798e-07
7231.2, 2.4822e-07
7233.2, 2.4846e-07
7235.2, 2.487e-07
7237.2, 2.4892e-07
7239.2, 2.4919e-07
7241.2, 2.4945e-07
7243.2, 2.4971e-07
7245.2, 2.4996e-07
7247.2, 2.502e-07
7249.2, 2.5046e-07
7251.2, 2.5072e-07
7253.2, 2.5098e-07
7255.2, 2.5126e-07
7257.2, 2.5154e-07
7259.3, 2.5179e-07
7261.3, 2.5206e-07
7263.3, 2.5231e-07
7265.3, 2.5256e-07
7267.3, 2.528e-07
7269.3, 2.5305e-07
7271.3, 2.5331e-07
7273.3, 2.5355e-07
7275.3, 2.5379e-07
7277.3, 2.5406e-07
7279.3, 2.5431e-07
7281.3, 2.5459e-07
7283.3, 2.5486e-07
7285.3, 2.5512e-07
7287.3, 2.5539e-07
7289.3, 2.5568e-07
7291.3, 2.5598e-07
7293.3, 2.5624e-07
7295.3, 2.5652e-07
7297.3, 2.568e-07
7299.3, 2.5706e-07
7301.3, 2.5733e-07
7303.3, 2.576e-07
7305.3, 2.5785e-07
7307.3, 2.5812e-07
7309.3, 2.584e-07
7311.3, 2.5865e-07
7313.3, 2.5891e-07
7315.3, 2.5917e-07
7317.3, 2.594e-07
7319.3, 2.5965e-07
7321.3, 2.5991e-07
7323.3, 2.6018e-07
7325.3, 2.6044e-07
7327.3, 2.6071e-07
7329.3, 2.6097e-07
7331.3, 2.6121e-07
7333.3, 2.6148e-07
7335.3, 2.6173e-07
7337.3, 2.62e-07
7339.3, 2.6229e-07
7341.3, 2.6256e-07
7343.3, 2.6284e-07
7345.3, 2.6309e-07
7347.3, 2.6336e-07
7349.3, 2.6362e-07
7351.3, 2.6387e-07
7353.3, 2.6413e-07
7355.3, 2.644e-07
7357.3, 2.6464e-07
7359.4, 2.6491e-07
7361.4, 2.6516e-07
7363.4, 2.6541e-07
7365.4, 2.6569e-07
7367.4, 2.6597e-07
7369.4, 2.6624e-07
7371.4, 2.6652e-07
7373.4, 2.668e-07
7375.4, 2.6707e-07
7377.4, 2.6734e-07
7379.4, 2.6759e-07
7381.4, 2.6786e-07
7383.4, 2.6814e-07
7385.4, 2.6841e-07
7387.4, 2.6871e-07
7389.4, 2.6899e-07
7391.4, 2.6927e-07
7393.4, 2.6953e-07
7395.4, 2.698e-07
7397.4, 2.7008e-07
7399.4, 2.7035e-07
7401.4, 2.7062e-07
7403.4, 2.7088e-07
7405.4, 2.7113e-07
7407.4, 2.7139e-07
7409.4, 2.7168e-07
7411.4, 2.7198e-07
7413.4, 2.723e-07
7415.4, 2.7258e-07
7417.4, 2.7286e-07
7419.4, 2.7314e-07
7421.4, 2.7343e-07
7423.4, 2.7373e-07
7425.4, 2.74e-07
7427.4, 2.7427e-07
7429.4, 2.7454e-07
7431.4, 2.7482e-07
7433.4, 2.7511e-07
7435.4, 2.7538e-07
7437.4, 2.7564e-07
7439.4, 2.7593e-07
7441.4, 2.7618e-07
7443.4, 2.7647e-07
7445.4, 2.7674e-07
7447.4, 2.7702e-07
7449.4, 2.773e-07
7451.4, 2.7757e-07
7453.4, 2.7785e-07
7455.4, 2.781e-07
7457.4, 2.7839e-07
7459.5, 2.7866e-07
7461.5, 2.7894e-07
7463.5, 2.7923e-07
7465.5, 2.7951e-07
7467.5, 2.7975e-07
7469.5, 2.8001e-07
7471.5, 2.8031e-07
7473.5, 2.8059e-07
7475.5, 2.8086e-07
7477.5, 2.8112e-07
7479.5, 2.8138e-07
7481.5, 2.8164e-07
7483.5, 2.819e-07
7485.5, 2.8218e-07
7487.5, 2.8244e-07
7489.5, 2.8271e-07
7491.5, 2.8298e-07
7493.5, 2.8324e-07
7495.5, 2.8351e-07
7497.5, 2.838e-07
7499.5, 2.8408e-07
7501.5, 2.8437e-07
7503.5, 2.8464e-07
7505.5, 2.8491e-07
7507.5, 2.8517e-07
7509.5, 2.8542e-07
7511.5, 2.8571e-07
7513.5, 2.8601e-07
7515.5, 2.863e-07
7517.5, 2.8657e-07
7519.5, 2.8684e-07
7521.5, 2.8713e-07
7523.5, 2.8744e-07
7525.5, 2.8773e-07
7527.5, 2.88e-07
7529.5, 2.8828e-07
7531.5, 2.8855e-07
7533.5, 2.8882e-07
7535.5, 2.8911e-07
7537.5, 2.8937e-07
7539.5, 2.8966e-07
7541.5, 2.8993e-07
7543.5, 2.902e-07
7545.5, 2.9048e-07
7547.5, 2.9074e-07
7549.5, 2.9102e-07
7551.5, 2.9131e-07
7553.5, 2.916e-07
7555.5, 2.9187e-07
7557.5, 2.9217e-07
7559.6, 2.9246e-07
7561.6, 2.9274e-07
7563.6, 2.9303e-07
7565.6, 2.9331e-07
7567.6, 2.9361e-07
7569.6, 2.9389e-07
7571.6, 2.9415e-07
7573.6, 2.9442e-07
7575.6, 2.9471e-07
7577.6, 2.9496e-07
7579.6, 2.9523e-07
7581.6, 2.9548e-07
7583.6, 2.9575e-07
7585.6, 2.9604e-07
7587.6, 2.9631e-07
7589.6, 2.9662e-07
7591.6, 2.9692e-07
7593.6, 2.9721e-07
7595.6, 2.9747e-07
7597.6, 2.9776e-07
7599.6, 2.9805e-07
7601.6, 2.9836e-07
7603.6, 2.986e-07
7605.6, 2.9885e-07
7607.6, 2.991e-07
7609.6, 2.9939e-07
7611.6, 2.9969e-07
7613.6, 2.9999e-07
7615.6, 3.0029e-07
7617.6, 3.0057e-07
7619.6, 3.0088e-07
7621.6, 3.0118e-07
7623.6, 3.0145e-07
7625.6, 3.0172e-07
7627.6, 3.02e-07
7629.6, 3.0228e-07
7631.6, 3.0256e-07
7633.6, 3.0285e-07
7635.6, 3.0313e-07
7637.6, 3.0342e-07
7639.6, 3.0369e-07
7641.6, 3.0396e-07
7643.6, 3.0422e-07
7645.6, 3.0452e-07
7647.6, 3.0483e-07
7649.6, 3.0514e-07
7651.6, 3.0542e-07
7653.6, 3.057e-07
7655.6, 3.0597e-07
7657.6, 3.0625e-07
7659.7, 3.0654e-07
7661.7, 3.0683e-07
7663.7, 3.0711e-07
7665.7, 3.074e-07
7667.7, 3.0768e-07
7669.7, 3.0792e-07
7671.7, 3.0818e-07
7673.7, 3.0845e-07
7675.7, 3.0874e-07
7677.7, 3.0901e-07
7679.7, 3.0929e-07
7681.7, 3.0957e-07
7683.7, 3.0985e-07
7685.7, 3.1015e-07
7687.7, 3.1044e-07
7689.7, 3.1075e-07
7691.7, 3.1103e-07
7693.7, 3.1131e-07
7695.7, 3.1159e-07
7697.7, 3.1188e-07
7699.7, 3.1217e-07
7701.7, 3.1248e-07
7703.7, 3.1276e-07
7705.7, 3.1305e-07
7707.7, 3.1333e-07
7709.7, 3.1363e-07
7711.7, 3.1395e-07
7713.7, 3.1424e-07
7715.7, 3.1455e-07
7717.7, 3.1483e-07
7719.7, 3.1512e-07
7721.7, 3.154e-07
7723.7, 3.1568e-07
7725.7, 3.1596e-07
7727.7, 3.1625e-07
7729.7, 3.1652e-07
7731.7, 3.1679e-07
7733.7, 3.1709e-07
7735.7, 3.1738e-07
7737.7, 3.1766e-07
7739.7, 3.1793e-07
7741.7, 3.1822e-07
7743.7, 3.185e-07
7745.7, 3.1878e-07
7747.7, 3.1906e-07
7749.7, 3.1934e-07
7751.7, 3.1963e-07
7753.7, 3.1993e-07
7755.7, 3.2021e-07
7757.7, 3.2048e-07
7759.8, 3.2077e-07
7761.8, 3.2105e-07
7763.8, 3.2135e-07
7765.8, 3.2162e-07
7767.8, 3.2189e-07
7769.8, 3.2218e-07
7771.8, 3.2249e-07
7773.8, 3.2278e-07
7775.8, 3.2308e-07
7777.8, 3.2337e-07
7779.8, 3.2367e-07
7781.8, 3.2399e-07
7783.8, 3.2429e-07
7785.8, 3.2456e-07
7787.8, 3.2484e-07
7789.8, 3.2518e-07
7791.8, 3.2547e-07
7793.8, 3.2579e-07
7795.8, 3.2607e-07
7797.8, 3.2639e-07
7799.8, 3.2667e-07
7801.8, 3.2696e-07
7803.8, 3.2726e-07
7805.8, 3.2754e-07
7807.8, 3.278e-07
7809.8, 3.2807e-07
7811.8, 3.2838e-07
7813.8, 3.2867e-07
7815.8, 3.2896e-07
7817.8, 3.2926e-07
7819.8, 3.2954e-07
7821.8, 3.2984e-07
7823.8, 3.301e-07
7825.8, 3.3039e-07
7827.8, 3.3071e-07
7829.8, 3.3102e-07
7831.8, 3.3133e-07
7833.8, 3.3162e-07
7835.8, 3.319e-07
7837.8, 3.322e-07
7839.8, 3.325e-07
7841.8, 3.3282e-07
7843.8, 3.3315e-07
7845.8, 3.3344e-07
7847.8, 3.3373e-07
7849.8, 3.3403e-07
7851.8, 3.3433e-07
7853.8, 3.3461e-07
7855.8, 3.3489e-07
7857.8, 3.3521e-07
7859.9, 3.355e-07
7861.9, 3.3582e-07
7863.9, 3.3613e-07
7865.9, 3.3643e-07
7867.9, 3.3672e-07
7869.9, 3.3702e-07
7871.9, 3.3731e-07
7873.9, 3.376e-07
7875.9, 3.3789e-07
7877.9, 3.382e-07
7879.9, 3.385e-07
7881.9, 3.3881e-07
7883.9, 3.3909e-07
7885.9, 3.3939e-07
7887.9, 3.3967e-07
7889.9, 3.3997e-07
7891.9, 3.4026e-07
7893.9, 3.4054e-07
7895.9, 3.4083e-07
7897.9, 3.4113e-07
7899.9, 3.4143e-07
7901.9, 3.4174e-07
7903.9, 3.4203e-07
7905.9, 3.4232e-07
7907.9, 3.4259e-07
7909.9, 3.4288e-07
7911.9, 3.4315e-07
7913.9, 3.4343e-07
7915.9, 3.4375e-07
7917.9, 3.4406e-07
7919.9, 3.4434e-07
7921.9, 3.4462e-07
7923.9, 3.4489e-07
7925.9, 3.4518e-07
7927.9, 3.4547e-07
7929.9, 3.4576e-07
7931.9, 3.4608e-07
7933.9, 3.4637e-07
7935.9, 3.4664e-07
7937.9, 3.4695e-07
7939.9, 3.4723e-07
7941.9, 3.4754e-07
7943.9, 3.4784e-07
7945.9, 3.4814e-07
7947.9, 3.4842e-07
7949.9, 3.4871e-07
7951.9, 3.4899e-07
7953.9, 3.4928e-07
7955.9, 3.4957e-07
7957.9, 3.4986e-07
7960.0, 3.5015e-07
7962.0, 3.5045e-07
7964.0, 3.5072e-07
7966.0, 3.5098e-07
7968.0, 3.5123e-07
7970.0, 3.5153e-07
7972.0, 3.5184e-07
7974.0, 3.5212e-07
7976.0, 3.5242e-07
7978.0, 3.527e-07
7980.0, 3.5297e-07
7982.0, 3.5329e-07
7984.0, 3.536e-07
7986.0, 3.5392e-07
7988.0, 3.5419e-07
7990.0, 3.5451e-07
7992.0, 3.5481e-07
7994.0, 3.551e-07
7996.0, 3.5539e-07
7998.0, 3.5571e-07
8000.0, 3.5598e-07
8002.0, 3.5627e-07
8004.0, 3.5657e-07
8006.0, 3.5683e-07
8008.0, 3.5715e-07
8010.0, 3.5744e-07
8012.0, 3.5771e-07
8014.0, 3.5799e-07
8016.0, 3.5831e-07
8018.0, 3.5863e-07
8020.0, 3.589e-07
8022.0, 3.592e-07
8024.0, 3.5948e-07
8026.0, 3.5976e-07
8028.0, 3.6005e-07
8030.0, 3.6033e-07
8032.0, 3.6063e-07
8034.0, 3.6093e-07
8036.0, 3.6123e-07
8038.0, 3.6151e-07
8040.0, 3.618e-07
8042.0, 3.621e-07
8044.0, 3.624e-07
8046.0, 3.6267e-07
8048.0, 3.6297e-07
8050.0, 3.6326e-07
8052.0, 3.6352e-07
8054.0, 3.6379e-07
8056.0, 3.6407e-07
8058.0, 3.6437e-07
8060.1, 3.6466e-07
8062.1, 3.6495e-07
8064.1, 3.6523e-07
8066.1, 3.6551e-07
8068.1, 3.6579e-07
8070.1, 3.6608e-07
8072.1, 3.6639e-07
8074.1, 3.6669e-07
8076.1, 3.67e-07
8078.1, 3.6729e-07
8080.1, 3.6756e-07
8082.1, 3.6786e-07
8084.1, 3.6816e-07
8086.1, 3.6843e-07
8088.1, 3.6872e-07
8090.1, 3.6904e-07
8092.1, 3.6932e-07
8094.1, 3.6959e-07
8096.1, 3.6987e-07
8098.1, 3.7015e-07
8100.1, 3.7044e-07
8102.1, 3.7073e-07
8104.1, 3.7101e-07
8106.1, 3.7129e-07
8108.1, 3.7157e-07
8110.1, 3.7186e-07
8112.1, 3.7216e-07
8114.1, 3.7244e-07
8116.1, 3.7271e-07
8118.1, 3.7301e-07
8120.1, 3.7331e-07
8122.1, 3.7361e-07
8124.1, 3.7389e-07
8126.1, 3.7418e-07
8128.1, 3.7448e-07
8130.1, 3.7478e-07
8132.1, 3.7508e-07
8134.1, 3.7541e-07
8136.1, 3.7571e-07
8138.1, 3.76e-07
8140.1, 3.7629e-07
8142.1, 3.7658e-07
8144.1, 3.7688e-07
8146.1, 3.7717e-07
8148.1, 3.7745e-07
8150.1, 3.7771e-07
8152.1, 3.78e-07
8154.1, 3.7832e-07
8156.1, 3.7862e-07
8158.1, 3.7891e-07
8160.2, 3.7925e-07
8162.2, 3.7956e-07
8164.2, 3.7984e-07
8166.2, 3.8011e-07
8168.2, 3.8039e-07
8170.2, 3.8069e-07
8172.2, 3.8099e-07
8174.2, 3.813e-07
8176.2, 3.8159e-07
8178.2, 3.8189e-07
8180.2, 3.8219e-07
8182.2, 3.8251e-07
8184.2, 3.8284e-07
8186.2, 3.8316e-07
8188.2, 3.8322e-07
8190.2, 3.8315e-07
8192.2, 3.8307e-07
8194.2, 3.83e-07
8196.2, 3.8292e-07
8198.2, 3.8285e-07
8200.2, 3.8277e-07
8202.2, 3.8269e-07
8204.2, 3.8261e-07
8206.2, 3.8254e-07
8208.2, 3.8246e-07
8210.2, 3.8239e-07
8212.2, 3.8231e-07
8214.2, 3.8224e-07
8216.2, 3.8217e-07
8218.2, 3.8209e-07
8220.2, 3.8201e-07
8222.2, 3.8194e-07
8224.2, 3.8187e-07
8226.2, 3.818e-07
8228.2, 3.8172e-07
8230.2, 3.8164e-07
8232.2, 3.8157e-07
8234.2, 3.815e-07
8236.2, 3.8142e-07
8238.2, 3.8134e-07
8240.2, 3.8126e-07
8242.2, 3.8119e-07
8244.2, 3.8111e-07
8246.2, 3.8103e-07
8248.2, 3.8096e-07
8250.2, 3.8088e-07
8252.2, 3.8081e-07
8254.2, 3.8073e-07
8256.2, 3.8066e-07
8258.2, 3.8058e-07
8260.3, 3.8051e-07
8262.3, 3.8043e-07
8264.3, 3.8035e-07
8266.3, 3.8028e-07
8268.3, 3.802e-07
8270.3, 3.8013e-07
8272.3, 3.8005e-07
8274.3, 3.7997e-07
8276.3, 3.7989e-07
8278.3, 3.7982e-07
8280.3, 3.7975e-07
8282.3, 3.7968e-07
8284.3, 3.7961e-07
8286.3, 3.7953e-07
8288.3, 3.7946e-07
8290.3, 3.7938e-07
8292.3, 3.793e-07
8294.3, 3.7922e-07
8296.3, 3.7914e-07
8298.3, 3.7906e-07
8300.3, 3.7898e-07
8302.3, 3.789e-07
8304.3, 3.7882e-07
8306.3, 3.7874e-07
8308.3, 3.7867e-07
8310.3, 3.7859e-07
8312.3, 3.7851e-07
8314.3, 3.7845e-07
8316.3, 3.7838e-07
8318.3, 3.7831e-07
8320.3, 3.7824e-07
8322.3, 3.7818e-07
8324.3, 3.7811e-07
8326.3, 3.7803e-07
8328.3, 3.7796e-07
8330.3, 3.779e-07
8332.3, 3.7783e-07
8334.3, 3.7776e-07
8336.3, 3.7769e-07
8338.3, 3.7762e-07
8340.3, 3.7755e-07
8342.3, 3.7748e-07
8344.3, 3.7741e-07
8346.3, 3.7733e-07
8348.3, 3.7726e-07
8350.3, 3.7719e-07
8352.3, 3.7711e-07
8354.3, 3.7704e-07
8356.3, 3.7697e-07
8358.3, 3.7689e-07
8360.4, 3.7682e-07
8362.4, 3.7675e-07
8364.4, 3.7668e-07
8366.4, 3.7662e-07
8368.4, 3.7655e-07
8370.4, 3.7647e-07
8372.4, 3.7639e-07
8374.4, 3.7632e-07
8376.4, 3.7625e-07
8378.4, 3.7617e-07
8380.4, 3.7609e-07
8382.4, 3.7602e-07
8384.4, 3.7594e-07
8386.4, 3.7586e-07
8388.4, 3.7579e-07
8390.4, 3.7571e-07
8392.4, 3.7563e-07
8394.4, 3.7555e-07
8396.4, 3.7548e-07
8398.4, 3.7541e-07
8400.4, 3.7533e-07
8402.4, 3.7526e-07
8404.4, 3.7518e-07
8406.4, 3.751e-07
8408.4, 3.7503e-07
8410.4, 3.7495e-07
8412.4, 3.7487e-07
8414.4, 3.748e-07
8416.4, 3.7473e-07
8418.4, 3.7466e-07
8420.4, 3.7459e-07
8422.4, 3.7451e-07
8424.4, 3.7444e-07
8426.4, 3.7437e-07
8428.4, 3.7429e-07
8430.4, 3.7421e-07
8432.4, 3.7414e-07
8434.4, 3.7407e-07
8436.4, 3.7401e-07
8438.4, 3.7393e-07
8440.4, 3.7387e-07
8442.4, 3.7379e-07
8444.4, 3.7372e-07
8446.4, 3.7365e-07
8448.4, 3.7358e-07
8450.4, 3.735e-07
8452.4, 3.7342e-07
8454.4, 3.7334e-07
8456.4, 3.7327e-07
8458.4, 3.732e-07
8460.5, 3.7313e-07
8462.5, 3.7306e-07
8464.5, 3.7299e-07
8466.5, 3.7292e-07
8468.5, 3.7286e-07
8470.5, 3.7279e-07
8472.5, 3.7272e-07
8474.5, 3.7265e-07
8476.5, 3.7259e-07
8478.5, 3.7252e-07
8480.5, 3.7245e-07
8482.5, 3.7237e-07
8484.5, 3.723e-07
8486.5, 3.7223e-07
8488.5, 3.7215e-07
8490.5, 3.7208e-07
8492.5, 3.7201e-07
8494.5, 3.7194e-07
8496.5, 3.7188e-07
8498.5, 3.7181e-07
8500.5, 3.7174e-07
8502.5, 3.7167e-07
8504.5, 3.716e-07
8506.5, 3.7154e-07
8508.5, 3.7147e-07
8510.5, 3.7141e-07
8512.5, 3.7134e-07
8514.5, 3.7128e-07
8516.5, 3.7121e-07
8518.5, 3.7115e-07
8520.5, 3.7108e-07
8522.5, 3.7102e-07
8524.5, 3.7095e-07
8526.5, 3.7088e-07
8528.5, 3.7081e-07
8530.5, 3.7074e-07
8532.5, 3.7067e-07
8534.5, 3.706e-07
8536.5, 3.7052e-07
8538.5, 3.7045e-07
8540.5, 3.7037e-07
8542.5, 3.703e-07
8544.5, 3.7022e-07
8546.5, 3.7014e-07
8548.5, 3.7006e-07
8550.5, 3.7e-07
8552.5, 3.6992e-07
8554.5, 3.6985e-07
8556.5, 3.6977e-07
8558.5, 3.6969e-07
8560.6, 3.6962e-07
8562.6, 3.6954e-07
8564.6, 3.6947e-07
8566.6, 3.6939e-07
8568.6, 3.6931e-07
8570.6, 3.6923e-07
8572.6, 3.6915e-07
8574.6, 3.6907e-07
8576.6, 3.6898e-07
8578.6, 3.689e-07
8580.6, 3.6882e-07
8582.6, 3.6874e-07
8584.6, 3.6867e-07
8586.6, 3.6859e-07
8588.6, 3.6851e-07
8590.6, 3.6843e-07
8592.6, 3.6835e-07
8594.6, 3.6827e-07
8596.6, 3.6819e-07
8598.6, 3.6811e-07
8600.6, 3.6804e-07
8602.6, 3.6797e-07
8604.6, 3.6789e-07
8606.6, 3.6782e-07
8608.6, 3.6774e-07
8610.6, 3.6766e-07
8612.6, 3.6758e-07
8614.6, 3.6749e-07
8616.6, 3.6741e-07
8618.6, 3.6733e-07
8620.6, 3.6725e-07
8622.6, 3.6717e-07
8624.6, 3.671e-07
8626.6, 3.6701e-07
8628.6, 3.6694e-07
8630.6, 3.6686e-07
8632.6, 3.6677e-07
8634.6, 3.6669e-07
8636.6, 3.6662e-07
8638.6, 3.6653e-07
8640.6, 3.6645e-07
8642.6, 3.6638e-07
8644.6, 3.663e-07
8646.6, 3.6622e-07
8648.6, 3.6614e-07
8650.6, 3.6607e-07
8652.6, 3.6599e-07
8654.6, 3.6591e-07
8656.6, 3.6583e-07
8658.6, 3.6575e-07
8660.7, 3.6568e-07
8662.7, 3.656e-07
8664.7, 3.6552e-07
8666.7, 3.6545e-07
8668.7, 3.6537e-07
8670.7, 3.653e-07
8672.7, 3.6522e-07
8674.7, 3.6514e-07
8676.7, 3.6506e-07
8678.7, 3.6499e-07
8680.7, 3.6491e-07
8682.7, 3.6483e-07
8684.7, 3.6475e-07
8686.7, 3.6468e-07
8688.7, 3.6459e-07
8690.7, 3.6451e-07
8692.7, 3.6444e-07
8694.7, 3.6436e-07
8696.7, 3.6427e-07
8698.7, 3.642e-07
8700.7, 3.6412e-07
8702.7, 3.6404e-07
8704.7, 3.6397e-07
8706.7, 3.6389e-07
8708.7, 3.6381e-07
8710.7, 3.6372e-07
8712.7, 3.6364e-07
8714.7, 3.6356e-07
8716.7, 3.6347e-07
8718.7, 3.6339e-07
8720.7, 3.6331e-07
8722.7, 3.6323e-07
8724.7, 3.6314e-07
8726.7, 3.6306e-07
8728.7, 3.6298e-07
8730.7, 3.629e-07
8732.7, 3.6282e-07
8734.7, 3.6275e-07
8736.7, 3.6267e-07
8738.7, 3.6259e-07
8740.7, 3.6251e-07
8742.7, 3.6243e-07
8744.7, 3.6235e-07
8746.7, 3.6227e-07
8748.7, 3.6219e-07
8750.7, 3.6211e-07
8752.7, 3.6203e-07
8754.7, 3.6195e-07
8756.7, 3.6187e-07
8758.7, 3.6179e-07
8760.8, 3.6171e-07
8762.8, 3.6162e-07
8764.8, 3.6154e-07
8766.8, 3.6145e-07
8768.8, 3.6137e-07
8770.8, 3.6129e-07
8772.8, 3.6121e-07
8774.8, 3.6113e-07
8776.8, 3.6105e-07
8778.8, 3.6097e-07
8780.8, 3.6089e-07
8782.8, 3.6081e-07
8784.8, 3.6074e-07
8786.8, 3.6066e-07
8788.8, 3.6059e-07
8790.8, 3.6051e-07
8792.8, 3.6043e-07
8794.8, 3.6036e-07
8796.8, 3.6028e-07
8798.8, 3.602e-07
8800.8, 3.6012e-07
8802.8, 3.6005e-07
8804.8, 3.5997e-07
8806.8, 3.5989e-07
8808.8, 3.5982e-07
8810.8, 3.5974e-07
8812.8, 3.5966e-07
8814.8, 3.5959e-07
8816.8, 3.5952e-07
8818.8, 3.5944e-07
8820.8, 3.5937e-07
8822.8, 3.593e-07
8824.8, 3.5923e-07
8826.8, 3.5915e-07
8828.8, 3.5907e-07
8830.8, 3.5899e-07
8832.8, 3.5891e-07
8834.8, 3.5883e-07
8836.8, 3.5875e-07
8838.8, 3.5867e-07
8840.8, 3.586e-07
8842.8, 3.5852e-07
8844.8, 3.5844e-07
8846.8, 3.5836e-07
8848.8, 3.5829e-07
8850.8, 3.5821e-07
8852.8, 3.5813e-07
8854.8, 3.5806e-07
8856.8, 3.5798e-07
8858.8, 3.579e-07
8860.9, 3.5782e-07
8862.9, 3.5774e-07
8864.9, 3.5767e-07
8866.9, 3.5759e-07
8868.9, 3.5751e-07
8870.9, 3.5743e-07
8872.9, 3.5734e-07
8874.9, 3.5726e-07
8876.9, 3.5718e-07
8878.9, 3.571e-07
8880.9, 3.5702e-07
8882.9, 3.5694e-07
8884.9, 3.5687e-07
8886.9, 3.568e-07
8888.9, 3.5673e-07
8890.9, 3.5665e-07
8892.9, 3.5658e-07
8894.9, 3.5651e-07
8896.9, 3.5644e-07
8898.9, 3.5637e-07
8900.9, 3.563e-07
8902.9, 3.5622e-07
8904.9, 3.5614e-07
8906.9, 3.5607e-07
8908.9, 3.5599e-07
8910.9, 3.5591e-07
8912.9, 3.5584e-07
8914.9, 3.5576e-07
8916.9, 3.5568e-07
8918.9, 3.556e-07
8920.9, 3.5553e-07
8922.9, 3.5545e-07
8924.9, 3.5538e-07
8926.9, 3.553e-07
8928.9, 3.5523e-07
8930.9, 3.5515e-07
8932.9, 3.5507e-07
8934.9, 3.55e-07
8936.9, 3.5493e-07
8938.9, 3.5485e-07
8940.9, 3.5478e-07
8942.9, 3.5471e-07
8944.9, 3.5463e-07
8946.9, 3.5456e-07
8948.9, 3.5449e-07
8950.9, 3.5442e-07
8952.9, 3.5435e-07
8954.9, 3.5427e-07
8956.9, 3.542e-07
8958.9, 3.5413e-07
8961.0, 3.5406e-07
8963.0, 3.5399e-07
8965.0, 3.5391e-07
8967.0, 3.5384e-07
8969.0, 3.5377e-07
8971.0, 3.5369e-07
8973.0, 3.5361e-07
8975.0, 3.5353e-07
8977.0, 3.5346e-07
8979.0, 3.5338e-07
8981.0, 3.533e-07
8983.0, 3.5323e-07
8985.0, 3.5316e-07
8987.0, 3.5309e-07
8989.0, 3.5301e-07
8991.0, 3.5294e-07
8993.0, 3.5287e-07
8995.0, 3.528e-07
8997.0, 3.5273e-07
8999.0, 3.5266e-07
9001.0, 3.5259e-07
9003.0, 3.5253e-07
9005.0, 3.5246e-07
9007.0, 3.5239e-07
9009.0, 3.5232e-07
9011.0, 3.5225e-07
9013.0, 3.5218e-07
9015.0, 3.5211e-07
9017.0, 3.5203e-07
9019.0, 3.5196e-07
9021.0, 3.5188e-07
9023.0, 3.5181e-07
9025.0, 3.5174e-07
9027.0, 3.5166e-07
9029.0, 3.5159e-07
9031.0, 3.5151e-07
9033.0, 3.5145e-07
9035.0, 3.5138e-07
9037.0, 3.5132e-07
9039.0, 3.5124e-07
9041.0, 3.5117e-07
9043.0, 3.5109e-07
9045.0, 3.5101e-07
9047.0, 3.5093e-07
9049.0, 3.5084e-07
9051.0, 3.5077e-07
9053.0, 3.5069e-07
9055.0, 3.5061e-07
9057.0, 3.5053e-07
9059.0, 3.5045e-07
9061.1, 3.5037e-07
9063.1, 3.5029e-07
9065.1, 3.5021e-07
9067.1, 3.5013e-07
9069.1, 3.5005e-07
9071.1, 3.4997e-07
9073.1, 3.4989e-07
9075.1, 3.498e-07
9077.1, 3.4972e-07
9079.1, 3.4964e-07
9081.1, 3.4956e-07
9083.1, 3.4948e-07
9085.1, 3.494e-07
9087.1, 3.4931e-07
9089.1, 3.4923e-07
9091.1, 3.4915e-07
9093.1, 3.4907e-07
9095.1, 3.4899e-07
9097.1, 3.4891e-07
9099.1, 3.4883e-07
9101.1, 3.4875e-07
9103.1, 3.4867e-07
9105.1, 3.4859e-07
9107.1, 3.4851e-07
9109.1, 3.4844e-07
9111.1, 3.4836e-07
9113.1, 3.4828e-07
9115.1, 3.482e-07
9117.1, 3.4812e-07
9119.1, 3.4805e-07
9121.1, 3.4797e-07
9123.1, 3.4789e-07
9125.1, 3.4781e-07
9127.1, 3.4773e-07
9129.1, 3.4765e-07
9131.1, 3.4757e-07
9133.1, 3.4749e-07
9135.1, 3.474e-07
9137.1, 3.4732e-07
9139.1, 3.4724e-07
9141.1, 3.4716e-07
9143.1, 3.4709e-07
9145.1, 3.4702e-07
9147.1, 3.4694e-07
9149.1, 3.4687e-07
9151.1, 3.4679e-07
9153.1, 3.4671e-07
9155.1, 3.4664e-07
9157.1, 3.4656e-07
9159.1, 3.4647e-07
9161.2, 3.464e-07
9163.2, 3.4632e-07
9165.2, 3.4624e-07
9167.2, 3.4616e-07
9169.2, 3.4609e-07
9171.2, 3.4601e-07
9173.2, 3.4594e-07
9175.2, 3.4586e-07
9177.2, 3.4579e-07
9179.2, 3.4571e-07
9181.2, 3.4563e-07
9183.2, 3.4556e-07
9185.2, 3.4548e-07
9187.2, 3.454e-07
9189.2, 3.4533e-07
9191.2, 3.4526e-07
9193.2, 3.4519e-07
9195.2, 3.4511e-07
9197.2, 3.4504e-07
9199.2, 3.4496e-07
9201.2, 3.4488e-07
9203.2, 3.448e-07
9205.2, 3.4473e-07
9207.2, 3.4465e-07
9209.2, 3.4457e-07
9211.2, 3.4449e-07
9213.2, 3.4441e-07
9215.2, 3.4433e-07
9217.2, 3.4426e-07
9219.2, 3.4419e-07
9221.2, 3.4411e-07
9223.2, 3.4403e-07
9225.2, 3.4396e-07
9227.2, 3.4388e-07
9229.2, 3.438e-07
9231.2, 3.4373e-07
9233.2, 3.4365e-07
9235.2, 3.4358e-07
9237.2, 3.435e-07
9239.2, 3.4343e-07
9241.2, 3.4336e-07
9243.2, 3.4328e-07
9245.2, 3.432e-07
9247.2, 3.4312e-07
9249.2, 3.4304e-07
9251.2, 3.4296e-07
9253.2, 3.4288e-07
9255.2, 3.4281e-07
9257.2, 3.4273e-07
9259.2, 3.4265e-07
9261.3, 3.4267e-07
9263.3, 3.4297e-07
9265.3, 3.4325e-07
9267.3, 3.435e-07
9269.3, 3.4375e-07
9271.3, 3.4398e-07
9273.3, 3.4424e-07
9275.3, 3.4448e-07
9277.3, 3.4473e-07
9279.3, 3.4498e-07
9281.3, 3.4525e-07
9283.3, 3.4551e-07
9285.3, 3.4578e-07
9287.3, 3.4605e-07
9289.3, 3.4632e-07
9291.3, 3.4656e-07
9293.3, 3.468e-07
9295.3, 3.4706e-07
9297.3, 3.4733e-07
9299.3, 3.476e-07
9301.3, 3.4787e-07
9303.3, 3.4811e-07
9305.3, 3.4834e-07
9307.3, 3.4857e-07
9309.3, 3.4883e-07
9311.3, 3.4909e-07
9313.3, 3.4936e-07
9315.3, 3.4963e-07
9317.3, 3.4987e-07
9319.3, 3.5014e-07
9321.3, 3.504e-07
9323.3, 3.5067e-07
9325.3, 3.5096e-07
9327.3, 3.5123e-07
9329.3, 3.5149e-07
9331.3, 3.5175e-07
9333.3, 3.5202e-07
9335.3, 3.5227e-07
9337.3, 3.5253e-07
9339.3, 3.5281e-07
9341.3, 3.5303e-07
9343.3, 3.5329e-07
9345.3, 3.5354e-07
9347.3, 3.538e-07
9349.3, 3.5404e-07
9351.3, 3.5431e-07
9353.3, 3.5456e-07
9355.3, 3.5483e-07
9357.3, 3.5511e-07
9359.3, 3.5537e-07
9361.4, 3.5563e-07
9363.4, 3.559e-07
9365.4, 3.5616e-07
9367.4, 3.5644e-07
9369.4, 3.5672e-07
9371.4, 3.5702e-07
9373.4, 3.573e-07
9375.4, 3.5757e-07
9377.4, 3.5782e-07
9379.4, 3.5811e-07
9381.4, 3.5838e-07
9383.4, 3.5862e-07
9385.4, 3.5891e-07
9387.4, 3.592e-07
9389.4, 3.5947e-07
9391.4, 3.5973e-07
9393.4, 3.6e-07
9395.4, 3.6028e-07
9397.4, 3.6056e-07
9399.4, 3.6082e-07
9401.4, 3.6109e-07
9403.4, 3.6135e-07
9405.4, 3.6162e-07
9407.4, 3.6189e-07
9409.4, 3.6216e-07
9411.4, 3.6243e-07
9413.4, 3.6271e-07
9415.4, 3.6298e-07
9417.4, 3.6327e-07
9419.4, 3.6354e-07
9421.4, 3.6377e-07
9423.4, 3.6403e-07
9425.4, 3.6429e-07
9427.4, 3.6457e-07
9429.4, 3.6483e-07
9431.4, 3.6511e-07
9433.4, 3.654e-07
9435.4, 3.6569e-07
9437.4, 3.66e-07
9439.4, 3.6627e-07
9441.4, 3.6653e-07
9443.4, 3.668e-07
9445.4, 3.6706e-07
9447.4, 3.6734e-07
9449.4, 3.6762e-07
9451.4, 3.6791e-07
9453.4, 3.6819e-07
9455.4, 3.6847e-07
9457.4, 3.6874e-07
9459.4, 3.69e-07
9461.5, 3.693e-07
9463.5, 3.6961e-07
9465.5, 3.6988e-07
9467.5, 3.7019e-07
9469.5, 3.7046e-07
9471.5, 3.7074e-07
9473.5, 3.7104e-07
9475.5, 3.7134e-07
9477.5, 3.7164e-07
9479.5, 3.7193e-07
9481.5, 3.7221e-07
9483.5, 3.725e-07
9485.5, 3.7279e-07
9487.5, 3.7308e-07
9489.5, 3.7338e-07
9491.5, 3.7366e-07
9493.5, 3.7394e-07
9495.5, 3.7422e-07
9497.5, 3.7448e-07
9499.5, 3.7473e-07
9501.5, 3.7499e-07
9503.5, 3.7526e-07
9505.5, 3.7553e-07
9507.5, 3.7583e-07
9509.5, 3.7615e-07
9511.5, 3.7646e-07
9513.5, 3.7676e-07
9515.5, 3.7706e-07
9517.5, 3.7734e-07
9519.5, 3.7763e-07
9521.5, 3.7791e-07
9523.5, 3.7817e-07
9525.5, 3.7848e-07
9527.5, 3.7876e-07
9529.5, 3.7905e-07
9531.5, 3.7932e-07
9533.5, 3.7959e-07
9535.5, 3.799e-07
9537.5, 3.8019e-07
9539.5, 3.8046e-07
9541.5, 3.8073e-07
9543.5, 3.8106e-07
9545.5, 3.8137e-07
9547.5, 3.8164e-07
9549.5, 3.8192e-07
9551.5, 3.822e-07
9553.5, 3.8247e-07
9555.5, 3.8273e-07
9557.5, 3.8299e-07
9559.5, 3.8326e-07
9561.6, 3.8354e-07
9563.6, 3.8385e-07
9565.6, 3.8415e-07
9567.6, 3.8443e-07
9569.6, 3.8469e-07
9571.6, 3.8499e-07
9573.6, 3.853e-07
9575.6, 3.8562e-07
9577.6, 3.8593e-07
9579.6, 3.8621e-07
9581.6, 3.865e-07
9583.6, 3.8679e-07
9585.6, 3.8706e-07
9587.6, 3.8737e-07
9589.6, 3.8767e-07
9591.6, 3.8796e-07
9593.6, 3.8826e-07
9595.6, 3.8854e-07
9597.6, 3.8884e-07
9599.6, 3.8912e-07
9601.6, 3.894e-07
9603.6, 3.8968e-07
9605.6, 3.8998e-07
9607.6, 3.9025e-07
9609.6, 3.9055e-07
9611.6, 3.9083e-07
9613.6, 3.9109e-07
9615.6, 3.9139e-07
9617.6, 3.9169e-07
9619.6, 3.9197e-07
9621.6, 3.9224e-07
9623.6, 3.9255e-07
9625.6, 3.9285e-07
9627.6, 3.9315e-07
9629.6, 3.9345e-07
9631.6, 3.9375e-07
9633.6, 3.9404e-07
9635.6, 3.9435e-07
9637.6, 3.9465e-07
9639.6, 3.9494e-07
9641.6, 3.9522e-07
9643.6, 3.9549e-07
9645.6, 3.9578e-07
9647.6, 3.9605e-07
9649.6, 3.9633e-07
9651.6, 3.9664e-07
9653.6, 3.9693e-07
9655.6, 3.9721e-07
9657.6, 3.9745e-07
9659.6, 3.9773e-07
9661.7, 3.9801e-07
9663.7, 3.9829e-07
9665.7, 3.9858e-07
9667.7, 3.9888e-07
9669.7, 3.9921e-07
9671.7, 3.995e-07
9673.7, 3.9978e-07
9675.7, 4.0007e-07
9677.7, 4.0034e-07
9679.7, 4.0061e-07
9681.7, 4.0089e-07
9683.7, 4.0119e-07
9685.7, 4.0146e-07
9687.7, 4.0175e-07
9689.7, 4.0204e-07
9691.7, 4.0232e-07
9693.7, 4.0261e-07
9695.7, 4.0291e-07
9697.7, 4.0321e-07
9699.7, 4.035e-07
9701.7, 4.038e-07
9703.7, 4.0411e-07
9705.7, 4.044e-07
9707.7, 4.0466e-07
9709.7, 4.0492e-07
9711.7, 4.052e-07
9713.7, 4.0548e-07
9715.7, 4.0576e-07
9717.7, 4.0604e-07
9719.7, 4.0631e-07
9721.7, 4.0657e-07
9723.7, 4.0686e-07
9725.7, 4.0716e-07
9727.7, 4.0746e-07
9729.7, 4.0777e-07
9731.7, 4.0806e-07
9733.7, 4.0835e-07
9735.7, 4.0862e-07
9737.7, 4.089e-07
9739.7, 4.0917e-07
9741.7, 4.0943e-07
9743.7, 4.0972e-07
9745.7, 4.1002e-07
9747.7, 4.1032e-07
9749.7, 4.1062e-07
9751.7, 4.1087e-07
9753.7, 4.1117e-07
9755.7, 4.1144e-07
9757.7, 4.1173e-07
9759.7, 4.1199e-07
9761.8, 4.1227e-07
9763.8, 4.1258e-07
9765.8, 4.1286e-07
9767.8, 4.1317e-07
9769.8, 4.1344e-07
9771.8, 4.137e-07
9773.8, 4.1402e-07
9775.8, 4.1432e-07
9777.8, 4.1461e-07
9779.8, 4.1489e-07
9781.8, 4.1518e-07
9783.8, 4.1548e-07
9785.8, 4.1575e-07
9787.8, 4.1605e-07
9789.8, 4.1632e-07
9791.8, 4.1658e-07
9793.8, 4.1687e-07
9795.8, 4.1717e-07
9797.8, 4.1747e-07
9799.8, 4.1775e-07
9801.8, 4.1801e-07
9803.8, 4.1827e-07
9805.8, 4.1856e-07
9807.8, 4.1886e-07
9809.8, 4.1914e-07
9811.8, 4.1945e-07
9813.8, 4.1976e-07
9815.8, 4.2001e-07
9817.8, 4.2033e-07
9819.8, 4.2062e-07
9821.8, 4.209e-07
9823.8, 4.2118e-07
9825.8, 4.2147e-07
9827.8, 4.2174e-07
9829.8, 4.2203e-07
9831.8, 4.2231e-07
9833.8, 4.2262e-07
9835.8, 4.2289e-07
9837.8, 4.2318e-07
9839.8, 4.2346e-07
9841.8, 4.2377e-07
9843.8, 4.2408e-07
9845.8, 4.2439e-07
9847.8, 4.247e-07
9849.8, 4.2502e-07
9851.8, 4.2533e-07
9853.8, 4.2564e-07
9855.8, 4.2593e-07
9857.8, 4.2624e-07
9859.8, 4.2655e-07
9861.9, 4.2687e-07
9863.9, 4.2717e-07
9865.9, 4.2748e-07
9867.9, 4.2781e-07
9869.9, 4.2809e-07
9871.9, 4.284e-07
9873.9, 4.2873e-07
9875.9, 4.2903e-07
9877.9, 4.2934e-07
9879.9, 4.2967e-07
9881.9, 4.2998e-07
9883.9, 4.303e-07
9885.9, 4.306e-07
9887.9, 4.3089e-07
9889.9, 4.3116e-07
9891.9, 4.3148e-07
9893.9, 4.318e-07
9895.9, 4.321e-07
9897.9, 4.3239e-07
9899.9, 4.327e-07
9901.9, 4.33e-07
9903.9, 4.3329e-07
9905.9, 4.3358e-07
9907.9, 4.3388e-07
9909.9, 4.3418e-07
9911.9, 4.3447e-07
9913.9, 4.3475e-07
9915.9, 4.3509e-07
9917.9, 4.3539e-07
9919.9, 4.3569e-07
9921.9, 4.36e-07
9923.9, 4.3628e-07
9925.9, 4.3656e-07
9927.9, 4.3687e-07
9929.9, 4.3717e-07
9931.9, 4.3749e-07
9933.9, 4.3779e-07
9935.9, 4.3809e-07
9937.9, 4.3837e-07
9939.9, 4.3867e-07
9941.9, 4.3895e-07
9943.9, 4.3925e-07
9945.9, 4.3956e-07
9947.9, 4.3989e-07
9949.9, 4.4022e-07
9951.9, 4.4051e-07
9953.9, 4.4084e-07
9955.9, 4.4114e-07
9957.9, 4.4144e-07
9959.9, 4.4173e-07
9962.0, 4.4202e-07
9964.0, 4.4232e-07
9966.0, 4.4264e-07
9968.0, 4.4295e-07
9970.0, 4.4328e-07
9972.0, 4.4359e-07
9974.0, 4.4389e-07
9976.0, 4.4418e-07
9978.0, 4.4452e-07
9980.0, 4.4483e-07
9982.0, 4.4514e-07
9984.0, 4.4546e-07
9986.0, 4.4578e-07
9988.0, 4.4607e-07
9990.0, 4.4636e-07
9992.0, 4.4663e-07
9994.0, 4.4694e-07
9996.0, 4.4728e-07
9998.0, 4.4759e-07
10000.0, 4.479e-07
10002.0, 4.4819e-07
10004.0, 4.485e-07
10006.0, 4.4881e-07
10008.0, 4.4912e-07
10010.0, 4.4946e-07
10012.0, 4.4977e-07
10014.0, 4.501e-07
10016.0, 4.5042e-07
10018.0, 4.5071e-07
10020.0, 4.51e-07
10022.0, 4.5131e-07
10024.0, 4.5161e-07
10026.0, 4.5192e-07
10028.0, 4.5225e-07
10030.0, 4.5257e-07
10032.0, 4.5288e-07
10034.0, 4.5319e-07
10036.0, 4.535e-07
10038.0, 4.5379e-07
10040.0, 4.5408e-07
10042.0, 4.5438e-07
10044.0, 4.5466e-07
10046.0, 4.5497e-07
10048.0, 4.5528e-07
10050.0, 4.5559e-07
10052.0, 4.5589e-07
10054.0, 4.5618e-07
10056.0, 4.5648e-07
10058.0, 4.5676e-07
10060.0, 4.5707e-07
10062.0, 4.5736e-07
10064.0, 4.5765e-07
10066.0, 4.5793e-07
10068.0, 4.5819e-07
10070.0, 4.5849e-07
10072.0, 4.5879e-07
10074.0, 4.5911e-07
10076.0, 4.5942e-07
10078.0, 4.5973e-07
10080.0, 4.6003e-07
10082.0, 4.6032e-07
10084.0, 4.6064e-07
10086.0, 4.6097e-07
10088.0, 4.6129e-07
10090.0, 4.616e-07
10092.0, 4.6188e-07
10094.0, 4.6216e-07
10096.0, 4.6244e-07
10098.0, 4.6273e-07
10100.0, 4.6304e-07
10102.0, 4.6332e-07
10104.0, 4.636e-07
10106.0, 4.6387e-07
10108.0, 4.6415e-07
10110.0, 4.6447e-07
10112.0, 4.648e-07
10114.0, 4.6508e-07
10116.0, 4.6538e-07
10118.0, 4.6565e-07
10120.0, 4.6596e-07
10122.0, 4.6628e-07
10124.0, 4.666e-07
10126.0, 4.6692e-07
10128.0, 4.6722e-07
10130.0, 4.6754e-07
10132.0, 4.6787e-07
10134.0, 4.6817e-07
10136.0, 4.6847e-07
10138.0, 4.688e-07
10140.0, 4.6911e-07
10142.0, 4.6943e-07
10144.0, 4.6972e-07
10146.0, 4.7007e-07
10148.0, 4.704e-07
10150.0, 4.707e-07
10152.0, 4.7101e-07
10154.0, 4.7133e-07
10156.0, 4.7162e-07
10158.0, 4.7191e-07
10160.0, 4.7221e-07
10162.0, 4.7253e-07
10164.0, 4.7284e-07
10166.0, 4.7315e-07
10168.0, 4.7345e-07
10170.0, 4.7377e-07
10172.0, 4.7409e-07
10174.0, 4.7438e-07
10176.0, 4.7469e-07
10178.0, 4.75e-07
10180.0, 4.7532e-07
10182.0, 4.7563e-07
10184.0, 4.7593e-07
10186.0, 4.7624e-07
10188.0, 4.7654e-07
10190.0, 4.7685e-07
10192.0, 4.7718e-07
10194.0, 4.7749e-07
10196.0, 4.778e-07
10198.0, 4.7809e-07
10200.0, 4.7839e-07
10202.0, 4.7869e-07
10204.0, 4.79e-07
10206.0, 4.7932e-07
10208.0, 4.7963e-07
10210.0, 4.7995e-07
10212.0, 4.8026e-07
10214.0, 4.8059e-07
10216.0, 4.8094e-07
10218.0, 4.8126e-07
10220.0, 4.8157e-07
10222.0, 4.8186e-07
10224.0, 4.8219e-07
10226.0, 4.8249e-07
10228.0, 4.828e-07
10230.0, 4.8311e-07
10232.0, 4.8343e-07
10234.0, 4.8373e-07
10236.0, 4.8402e-07
10238.0, 4.843e-07
10240.0, 4.8459e-07
10242.0, 4.8491e-07
10244.0, 4.852e-07
10246.0, 4.8551e-07
10248.0, 4.8581e-07
10250.0, 4.8613e-07
10252.0, 4.8644e-07
10254.0, 4.8674e-07
10256.0, 4.8703e-07
10258.0, 4.8733e-07
10260.0, 4.8762e-07
10262.0, 4.8781e-07
10264.0, 4.8774e-07
10266.0, 4.8767e-07
10268.0, 4.876e-07
10270.0, 4.8752e-07
10272.0, 4.8745e-07
10274.0, 4.8738e-07
10276.0, 4.873e-07
10278.0, 4.8723e-07
10280.0, 4.8716e-07
10282.0, 4.8708e-07
10284.0, 4.8701e-07
10286.0, 4.8694e-07
10288.0, 4.8687e-07
10290.0, 4.8679e-07
10292.0, 4.8672e-07
10294.0, 4.8665e-07
10296.0, 4.8658e-07
10298.0, 4.8651e-07
10300.0, 4.8644e-07
10302.0, 4.8638e-07
10304.0, 4.8631e-07
10306.0, 4.8624e-07
10308.0, 4.8618e-07
10310.0, 4.8611e-07
10312.0, 4.8603e-07
10314.0, 4.8596e-07
10316.0, 4.8589e-07
10318.0, 4.8582e-07
10320.0, 4.8575e-07
10322.0, 4.8567e-07
10324.0, 4.856e-07
10326.0, 4.8553e-07
10328.0, 4.8545e-07
10330.0, 4.8539e-07
10332.0, 4.8531e-07
10334.0, 4.8523e-07
10336.0, 4.8516e-07
10338.0, 4.8509e-07
10340.0, 4.8502e-07
10342.0, 4.8494e-07
10344.0, 4.8487e-07
10346.0, 4.8479e-07
10348.0, 4.8472e-07
10350.0, 4.8464e-07
10352.0, 4.8456e-07
10354.0, 4.8448e-07
10356.0, 4.844e-07
10358.0, 4.8433e-07
10360.0, 4.8425e-07
10362.0, 4.8418e-07
10364.0, 4.841e-07
10366.0, 4.8403e-07
10368.0, 4.8397e-07
10370.0, 4.8389e-07
10372.0, 4.8381e-07
10374.0, 4.8374e-07
10376.0, 4.8367e-07
10378.0, 4.836e-07
10380.0, 4.8353e-07
10382.0, 4.8345e-07
10384.0, 4.8339e-07
10386.0, 4.8332e-07
10388.0, 4.8324e-07
10390.0, 4.8317e-07
10392.0, 4.831e-07
10394.0, 4.8302e-07
10396.0, 4.8295e-07
10398.0, 4.8287e-07
10400.0, 4.828e-07
10402.0, 4.8272e-07
10404.0, 4.8264e-07
10406.0, 4.8257e-07
10408.0, 4.8249e-07
10410.0, 4.824e-07
10412.0, 4.8233e-07
10414.0, 4.8225e-07
10416.0, 4.8218e-07
10418.0, 4.821e-07
10420.0, 4.8202e-07
10422.0, 4.8194e-07
10424.0, 4.8187e-07
10426.0, 4.8179e-07
10428.0, 4.8171e-07
10430.0, 4.8164e-07
10432.0, 4.8156e-07
10434.0, 4.8148e-07
10436.0, 4.814e-07
10438.0, 4.8133e-07
10440.0, 4.8125e-07
10442.0, 4.8118e-07
10444.0, 4.8111e-07
10446.0, 4.8104e-07
10448.0, 4.8097e-07
10450.0, 4.8089e-07
10452.0, 4.8082e-07
10454.0, 4.8074e-07
10456.0, 4.8067e-07
10458.0, 4.806e-07
10460.0, 4.8053e-07
10462.0, 4.8045e-07
10464.0, 4.8038e-07
10466.0, 4.803e-07
10468.0, 4.8023e-07
10470.0, 4.8015e-07
10472.0, 4.8008e-07
10474.0, 4.8e-07
10476.0, 4.7993e-07
10478.0, 4.7986e-07
10480.0, 4.7978e-07
10482.0, 4.797e-07
10484.0, 4.7962e-07
10486.0, 4.7956e-07
10488.0, 4.7948e-07
10490.0, 4.7941e-07
10492.0, 4.7934e-07
10494.0, 4.7927e-07
10496.0, 4.792e-07
10498.0, 4.7913e-07
10500.0, 4.7906e-07
10502.0, 4.7899e-07
10504.0, 4.7892e-07
10506.0, 4.7884e-07
10508.0, 4.7876e-07
10510.0, 4.7869e-07
10513.0, 4.7861e-07
10515.0, 4.7854e-07
10517.0, 4.7847e-07
10519.0, 4.784e-07
10521.0, 4.7832e-07
10523.0, 4.7824e-07
10525.0, 4.7817e-07
10527.0, 4.781e-07
10529.0, 4.7803e-07
10531.0, 4.7795e-07
10533.0, 4.7787e-07
10535.0, 4.778e-07
10537.0, 4.7772e-07
10539.0, 4.7765e-07
10541.0, 4.7758e-07
10543.0, 4.7751e-07
10545.0, 4.7743e-07
10547.0, 4.7736e-07
10549.0, 4.7728e-07
10551.0, 4.7721e-07
10553.0, 4.7713e-07
10555.0, 4.7705e-07
10557.0, 4.7697e-07
10559.0, 4.7691e-07
10561.0, 4.7683e-07
10563.0, 4.7676e-07
10565.0, 4.7668e-07
10567.0, 4.766e-07
10569.0, 4.7653e-07
10571.0, 4.7645e-07
10573.0, 4.7638e-07
10575.0, 4.763e-07
10577.0, 4.7623e-07
10579.0, 4.7616e-07
10581.0, 4.7608e-07
10583.0, 4.7601e-07
10585.0, 4.7594e-07
10587.0, 4.7587e-07
10589.0, 4.758e-07
10591.0, 4.7573e-07
10593.0, 4.7565e-07
10595.0, 4.7558e-07
10597.0, 4.7551e-07
10599.0, 4.7544e-07
10601.0, 4.7537e-07
10603.0, 4.753e-07
10605.0, 4.7523e-07
10607.0, 4.7516e-07
10609.0, 4.7509e-07
10611.0, 4.7502e-07
10613.0, 4.7494e-07
10615.0, 4.7486e-07
10617.0, 4.748e-07
10619.0, 4.7472e-07
10621.0, 4.7464e-07
10623.0, 4.7457e-07
10625.0, 4.745e-07
10627.0, 4.7443e-07
10629.0, 4.7436e-07
10631.0, 4.7429e-07
10633.0, 4.7422e-07
10635.0, 4.7414e-07
10637.0, 4.7406e-07
10639.0, 4.7399e-07
10641.0, 4.7391e-07
10643.0, 4.7384e-07
10645.0, 4.7377e-07
10647.0, 4.7371e-07
10649.0, 4.7364e-07
10651.0, 4.7356e-07
10653.0, 4.7349e-07
10655.0, 4.7342e-07
10657.0, 4.7335e-07
10659.0, 4.7328e-07
10661.0, 4.732e-07
10663.0, 4.7314e-07
10665.0, 4.7307e-07
10667.0, 4.73e-07
10669.0, 4.7292e-07
10671.0, 4.7284e-07
10673.0, 4.7276e-07
10675.0, 4.7268e-07
10677.0, 4.726e-07
10679.0, 4.7252e-07
10681.0, 4.7244e-07
10683.0, 4.7236e-07
10685.0, 4.7228e-07
10687.0, 4.722e-07
10689.0, 4.7212e-07
10691.0, 4.7205e-07
10693.0, 4.7197e-07
10695.0, 4.7189e-07
10697.0, 4.7181e-07
10699.0, 4.7174e-07
10701.0, 4.7167e-07
10703.0, 4.716e-07
10705.0, 4.7152e-07
10707.0, 4.7144e-07
10709.0, 4.7136e-07
10711.0, 4.7128e-07
10713.0, 4.7121e-07
10715.0, 4.7114e-07
10717.0, 4.7106e-07
10719.0, 4.7098e-07
10721.0, 4.7091e-07
10723.0, 4.7084e-07
10725.0, 4.7076e-07
10727.0, 4.7068e-07
10729.0, 4.7061e-07
10731.0, 4.7053e-07
10733.0, 4.7046e-07
10735.0, 4.7038e-07
10737.0, 4.7031e-07
10739.0, 4.7023e-07
10741.0, 4.7016e-07
10743.0, 4.7008e-07
10745.0, 4.7e-07
10747.0, 4.6992e-07
10749.0, 4.6985e-07
10751.0, 4.6978e-07
10753.0, 4.6971e-07
10755.0, 4.6964e-07
10757.0, 4.6957e-07
10759.0, 4.695e-07
10761.0, 4.6943e-07
10763.0, 4.6936e-07
10765.0, 4.6929e-07
10767.0, 4.6922e-07
10769.0, 4.6916e-07
10771.0, 4.6909e-07
10773.0, 4.6901e-07
10775.0, 4.6893e-07
10777.0, 4.6886e-07
10779.0, 4.6878e-07
10781.0, 4.6871e-07
10783.0, 4.6863e-07
10785.0, 4.6856e-07
10787.0, 4.6849e-07
10789.0, 4.6843e-07
10791.0, 4.6836e-07
10793.0, 4.6828e-07
10795.0, 4.6821e-07
10797.0, 4.6814e-07
10799.0, 4.6807e-07
10801.0, 4.68e-07
10803.0, 4.6793e-07
10805.0, 4.6785e-07
10807.0, 4.6778e-07
10809.0, 4.6771e-07
10811.0, 4.6764e-07
10813.0, 4.6756e-07
10815.0, 4.6749e-07
10817.0, 4.6742e-07
10819.0, 4.6736e-07
10821.0, 4.6729e-07
10823.0, 4.6722e-07
10825.0, 4.6715e-07
10827.0, 4.6708e-07
10829.0, 4.6701e-07
10831.0, 4.6694e-07
10833.0, 4.6687e-07
10835.0, 4.6681e-07
10837.0, 4.6675e-07
10839.0, 4.6668e-07
10841.0, 4.6661e-07
10843.0, 4.6654e-07
10845.0, 4.6647e-07
10847.0, 4.664e-07
10849.0, 4.6634e-07
10851.0, 4.6627e-07
10853.0, 4.662e-07
10855.0, 4.6613e-07
10857.0, 4.6606e-07
10859.0, 4.6599e-07
10861.0, 4.6591e-07
10863.0, 4.6584e-07
10865.0, 4.6577e-07
10867.0, 4.657e-07
10869.0, 4.6563e-07
10871.0, 4.6556e-07
10873.0, 4.6548e-07
10875.0, 4.6541e-07
10877.0, 4.6534e-07
10879.0, 4.6527e-07
10881.0, 4.652e-07
10883.0, 4.6513e-07
10885.0, 4.6506e-07
10887.0, 4.65e-07
10889.0, 4.6492e-07
10891.0, 4.6485e-07
10893.0, 4.6477e-07
10895.0, 4.6469e-07
10897.0, 4.6462e-07
10899.0, 4.6455e-07
10901.0, 4.6448e-07
10903.0, 4.644e-07
10905.0, 4.6433e-07
10907.0, 4.6425e-07
10909.0, 4.6418e-07
10911.0, 4.6411e-07
10913.0, 4.6404e-07
10915.0, 4.6396e-07
10917.0, 4.6389e-07
10919.0, 4.6382e-07
10921.0, 4.6375e-07
10923.0, 4.6369e-07
10925.0, 4.6362e-07
10927.0, 4.6356e-07
10929.0, 4.6349e-07
10931.0, 4.6342e-07
10933.0, 4.6335e-07
10935.0, 4.6328e-07
10937.0, 4.6322e-07
10939.0, 4.6316e-07
10941.0, 4.6309e-07
10943.0, 4.6303e-07
10945.0, 4.6297e-07
10947.0, 4.629e-07
10949.0, 4.6284e-07
10951.0, 4.6277e-07
10953.0, 4.627e-07
10955.0, 4.6264e-07
10957.0, 4.6257e-07
10959.0, 4.6251e-07
10961.0, 4.6245e-07
10963.0, 4.6238e-07
10965.0, 4.6232e-07
10967.0, 4.6225e-07
10969.0, 4.6218e-07
10971.0, 4.6212e-07
10973.0, 4.6205e-07
10975.0, 4.6198e-07
10977.0, 4.6191e-07
10979.0, 4.6184e-07
10981.0, 4.6177e-07
10983.0, 4.617e-07
10985.0, 4.6163e-07
10987.0, 4.6156e-07
10989.0, 4.6149e-07
10991.0, 4.6142e-07
10993.0, 4.6135e-07
10995.0, 4.6128e-07
10997.0, 4.6121e-07
10999.0, 4.6114e-07
11001.0, 4.6107e-07
11003.0, 4.61e-07
11005.0, 4.6094e-07
11007.0, 4.6088e-07
11009.0, 4.6081e-07
