Burst starts (s), Burst ends(A)
1626196664.8841352, 1626196666.9060962
1626196666.9214447, 1626196668.9283018
1626196668.9437697, 1626196670.969168
1626196671.0054393, 1626196673.0312505
1626196673.0625343, 1626196675.085026
