Burst starts (s), Burst ends(A)
1625817827.4875016, 1625817829.5094905
1625817829.570076, 1625817831.5865738
1625817831.6139452, 1625817833.6262884
1625817833.6841598, 1625817835.6851408
1625817835.7664354, 1625817837.774324
