Time sep (ms?), Charge (C)
0.0, -1.349e-09
2.002, -1.408e-09
4.004, -1.47e-09
6.006, -1.536e-09
8.008, -1.605e-09
10.01, -1.673e-09
12.012, -1.739e-09
14.014, -1.802e-09
16.016, -1.86e-09
18.018, -1.925e-09
20.02, -1.987e-09
22.022, -2.05e-09
24.024, -2.109e-09
26.026, -2.171e-09
28.028, -2.234e-09
30.03, -2.294e-09
32.032, -2.351e-09
34.034, -2.411e-09
36.036, -2.473e-09
38.038, -2.538e-09
40.04, -2.597e-09
42.042, -2.659e-09
44.044, -2.719e-09
46.046, -2.783e-09
48.048, -2.847e-09
50.05, -2.911e-09
52.052, -2.97e-09
54.054, -3.03e-09
56.056, -3.093e-09
58.058, -3.156e-09
60.06, -3.223e-09
62.062, -3.29e-09
64.064, -3.35e-09
66.066, -3.41e-09
68.068, -3.475e-09
70.07, -3.537e-09
72.072, -3.6e-09
74.074, -3.659e-09
76.076, -3.721e-09
78.078, -3.783e-09
80.08, -3.845e-09
82.082, -3.902e-09
84.084, -3.969e-09
86.086, -4.036e-09
88.088, -4.109e-09
90.09, -4.177e-09
92.092, -4.241e-09
94.094, -4.307e-09
96.096, -4.374e-09
98.098, -4.441e-09
100.1, -4.508e-09
102.1, -4.571e-09
104.1, -4.636e-09
106.11, -4.702e-09
108.11, -4.767e-09
110.11, -4.834e-09
112.11, -4.902e-09
114.11, -4.968e-09
116.12, -5.036e-09
118.12, -5.1e-09
120.12, -5.162e-09
122.12, -5.226e-09
124.12, -5.293e-09
126.13, -5.353e-09
128.13, -5.417e-09
130.13, -5.483e-09
132.13, -5.541e-09
134.13, -5.602e-09
136.14, -5.663e-09
138.14, -5.73e-09
140.14, -5.794e-09
142.14, -5.856e-09
144.14, -5.918e-09
146.15, -5.983e-09
148.15, -6.05e-09
150.15, -6.115e-09
152.15, -6.18e-09
154.15, -6.248e-09
156.16, -6.312e-09
158.16, -6.375e-09
160.16, -6.437e-09
162.16, -6.499e-09
164.16, -6.566e-09
166.17, -6.629e-09
168.17, -6.688e-09
170.17, -6.752e-09
172.17, -6.815e-09
174.17, -6.882e-09
176.18, -6.945e-09
178.18, -7.01e-09
180.18, -7.074e-09
182.18, -7.133e-09
184.18, -7.191e-09
186.19, -7.252e-09
188.19, -7.32e-09
190.19, -7.386e-09
192.19, -7.447e-09
194.19, -7.512e-09
196.2, -7.583e-09
198.2, -7.655e-09
200.2, -7.72e-09
202.2, -7.789e-09
204.2, -7.861e-09
206.21, -7.925e-09
208.21, -7.985e-09
210.21, -8.05e-09
212.21, -8.115e-09
214.21, -8.181e-09
216.22, -8.248e-09
218.22, -8.313e-09
220.22, -8.375e-09
222.22, -8.439e-09
224.22, -8.505e-09
226.23, -8.569e-09
228.23, -8.632e-09
230.23, -8.692e-09
232.23, -8.753e-09
234.23, -8.812e-09
236.24, -8.876e-09
238.24, -8.935e-09
240.24, -8.994e-09
242.24, -9.057e-09
244.24, -9.124e-09
246.25, -9.191e-09
248.25, -9.257e-09
250.25, -9.321e-09
252.25, -9.386e-09
254.25, -9.454e-09
256.26, -9.516e-09
258.26, -9.576e-09
260.26, -9.639e-09
262.26, -9.706e-09
264.26, -9.77e-09
266.27, -9.838e-09
268.27, -9.901e-09
270.27, -9.963e-09
272.27, -1.0027e-08
274.27, -1.0094e-08
276.28, -1.0159e-08
278.28, -1.0226e-08
280.28, -1.0292e-08
282.28, -1.0357e-08
284.28, -1.0426e-08
286.29, -1.0498e-08
288.29, -1.0567e-08
290.29, -1.0631e-08
292.29, -1.0698e-08
294.29, -1.0763e-08
296.3, -1.0831e-08
298.3, -1.0897e-08
300.3, -1.0963e-08
302.3, -1.1032e-08
304.3, -1.1103e-08
306.31, -1.1174e-08
308.31, -1.1242e-08
310.31, -1.1307e-08
312.31, -1.1369e-08
314.31, -1.1439e-08
316.32, -1.1513e-08
318.32, -1.158e-08
320.32, -1.1645e-08
322.32, -1.1712e-08
324.32, -1.1782e-08
326.33, -1.1847e-08
328.33, -1.1914e-08
330.33, -1.198e-08
332.33, -1.2045e-08
334.33, -1.2104e-08
336.34, -1.2172e-08
338.34, -1.2238e-08
340.34, -1.2304e-08
342.34, -1.2365e-08
344.34, -1.2427e-08
346.35, -1.2493e-08
348.35, -1.2563e-08
350.35, -1.2626e-08
352.35, -1.2683e-08
354.35, -1.2741e-08
356.36, -1.2803e-08
358.36, -1.2867e-08
360.36, -1.293e-08
362.36, -1.2992e-08
364.36, -1.3058e-08
366.37, -1.3122e-08
368.37, -1.3187e-08
370.37, -1.325e-08
372.37, -1.3311e-08
374.37, -1.3377e-08
376.38, -1.3446e-08
378.38, -1.3509e-08
380.38, -1.3573e-08
382.38, -1.3641e-08
384.38, -1.3704e-08
386.39, -1.3771e-08
388.39, -1.3842e-08
390.39, -1.391e-08
392.39, -1.3975e-08
394.39, -1.4045e-08
396.4, -1.4116e-08
398.4, -1.4183e-08
400.4, -1.4254e-08
402.4, -1.4315e-08
404.4, -1.4379e-08
406.41, -1.4448e-08
408.41, -1.4517e-08
410.41, -1.4581e-08
412.41, -1.4642e-08
414.41, -1.4706e-08
416.42, -1.4771e-08
418.42, -1.4832e-08
420.42, -1.4888e-08
422.42, -1.4953e-08
424.42, -1.5014e-08
426.43, -1.5074e-08
428.43, -1.5132e-08
430.43, -1.519e-08
432.43, -1.5251e-08
434.43, -1.5316e-08
436.44, -1.5375e-08
438.44, -1.5431e-08
440.44, -1.5485e-08
442.44, -1.5544e-08
444.44, -1.5605e-08
446.45, -1.5663e-08
448.45, -1.5723e-08
450.45, -1.5783e-08
452.45, -1.5843e-08
454.45, -1.591e-08
456.46, -1.5971e-08
458.46, -1.6031e-08
460.46, -1.6094e-08
462.46, -1.6164e-08
464.46, -1.6219e-08
466.47, -1.6284e-08
468.47, -1.6349e-08
470.47, -1.6414e-08
472.47, -1.6475e-08
474.47, -1.6538e-08
476.48, -1.6597e-08
478.48, -1.6652e-08
480.48, -1.6712e-08
482.48, -1.6774e-08
484.48, -1.6837e-08
486.49, -1.6893e-08
488.49, -1.6953e-08
490.49, -1.7018e-08
492.49, -1.7081e-08
494.49, -1.7147e-08
496.5, -1.7215e-08
498.5, -1.7286e-08
500.5, -1.7349e-08
502.5, -1.7412e-08
504.5, -1.7478e-08
506.51, -1.7548e-08
508.51, -1.7619e-08
510.51, -1.7691e-08
512.51, -1.7759e-08
514.51, -1.7829e-08
516.52, -1.79e-08
518.52, -1.797e-08
520.52, -1.804e-08
522.52, -1.8112e-08
524.52, -1.8179e-08
526.53, -1.8245e-08
528.53, -1.8317e-08
530.53, -1.8384e-08
532.53, -1.845e-08
534.53, -1.8516e-08
536.54, -1.8582e-08
538.54, -1.8651e-08
540.54, -1.8717e-08
542.54, -1.8791e-08
544.54, -1.886e-08
546.55, -1.8932e-08
548.55, -1.8996e-08
550.55, -1.9063e-08
552.55, -1.9127e-08
554.55, -1.9194e-08
556.56, -1.9262e-08
558.56, -1.9328e-08
560.56, -1.9393e-08
562.56, -1.9459e-08
564.56, -1.9524e-08
566.57, -1.9588e-08
568.57, -1.9652e-08
570.57, -1.9717e-08
572.57, -1.9776e-08
574.57, -1.9841e-08
576.58, -1.9905e-08
578.58, -1.9972e-08
580.58, -2.0032e-08
582.58, -2.0097e-08
584.58, -2.0162e-08
586.59, -2.0228e-08
588.59, -2.0294e-08
590.59, -2.0361e-08
592.59, -2.0431e-08
594.59, -2.0502e-08
596.6, -2.057e-08
598.6, -2.0637e-08
600.6, -2.0709e-08
602.6, -2.0785e-08
604.6, -2.0863e-08
606.61, -2.0938e-08
608.61, -2.1009e-08
610.61, -2.1078e-08
612.61, -2.1148e-08
614.61, -2.1209e-08
616.62, -2.1271e-08
618.62, -2.1336e-08
620.62, -2.1399e-08
622.62, -2.1464e-08
624.62, -2.1527e-08
626.63, -2.1585e-08
628.63, -2.1655e-08
630.63, -2.1722e-08
632.63, -2.1783e-08
634.63, -2.1846e-08
636.64, -2.1913e-08
638.64, -2.1975e-08
640.64, -2.2044e-08
642.64, -2.2116e-08
644.64, -2.2192e-08
646.65, -2.2264e-08
648.65, -2.2334e-08
650.65, -2.2399e-08
652.65, -2.2466e-08
654.65, -2.2531e-08
656.66, -2.2596e-08
658.66, -2.2663e-08
660.66, -2.2729e-08
662.66, -2.2798e-08
664.66, -2.2868e-08
666.67, -2.2933e-08
668.67, -2.2999e-08
670.67, -2.307e-08
672.67, -2.3142e-08
674.67, -2.3211e-08
676.68, -2.3277e-08
678.68, -2.3345e-08
680.68, -2.3413e-08
682.68, -2.3482e-08
684.68, -2.3553e-08
686.69, -2.3626e-08
688.69, -2.369e-08
690.69, -2.376e-08
692.69, -2.3832e-08
694.69, -2.3905e-08
696.7, -2.3973e-08
698.7, -2.404e-08
700.7, -2.4109e-08
702.7, -2.4179e-08
704.7, -2.4248e-08
706.71, -2.4316e-08
708.71, -2.4387e-08
710.71, -2.4458e-08
712.71, -2.4527e-08
714.71, -2.4593e-08
716.72, -2.4665e-08
718.72, -2.4735e-08
720.72, -2.4811e-08
722.72, -2.4879e-08
724.72, -2.495e-08
726.73, -2.502e-08
728.73, -2.5088e-08
730.73, -2.5157e-08
732.73, -2.5228e-08
734.73, -2.53e-08
736.74, -2.5373e-08
738.74, -2.5442e-08
740.74, -2.5511e-08
742.74, -2.5582e-08
744.74, -2.5652e-08
746.75, -2.5723e-08
748.75, -2.5789e-08
750.75, -2.5853e-08
752.75, -2.5922e-08
754.75, -2.5987e-08
756.76, -2.6045e-08
758.76, -2.6106e-08
760.76, -2.6168e-08
762.76, -2.623e-08
764.76, -2.6299e-08
766.77, -2.6367e-08
768.77, -2.6432e-08
770.77, -2.6501e-08
772.77, -2.6571e-08
774.77, -2.6635e-08
776.78, -2.6703e-08
778.78, -2.6774e-08
780.78, -2.6841e-08
782.78, -2.6905e-08
784.78, -2.697e-08
786.79, -2.7035e-08
788.79, -2.7102e-08
790.79, -2.7166e-08
792.79, -2.7229e-08
794.79, -2.7291e-08
796.8, -2.7359e-08
798.8, -2.7429e-08
800.8, -2.7494e-08
802.8, -2.756e-08
804.8, -2.7625e-08
806.81, -2.7688e-08
808.81, -2.7757e-08
810.81, -2.7823e-08
812.81, -2.7893e-08
814.81, -2.796e-08
816.82, -2.8028e-08
818.82, -2.8089e-08
820.82, -2.8153e-08
822.82, -2.822e-08
824.82, -2.8288e-08
826.83, -2.8357e-08
828.83, -2.8428e-08
830.83, -2.8497e-08
832.83, -2.8564e-08
834.83, -2.8632e-08
836.84, -2.8697e-08
838.84, -2.8759e-08
840.84, -2.8818e-08
842.84, -2.8878e-08
844.84, -2.8951e-08
846.85, -2.9021e-08
848.85, -2.9091e-08
850.85, -2.9154e-08
852.85, -2.9222e-08
854.85, -2.9294e-08
856.86, -2.9364e-08
858.86, -2.9435e-08
860.86, -2.95e-08
862.86, -2.9562e-08
864.86, -2.9628e-08
866.87, -2.9694e-08
868.87, -2.976e-08
870.87, -2.9822e-08
872.87, -2.9887e-08
874.87, -2.9955e-08
876.88, -3.0027e-08
878.88, -3.0091e-08
880.88, -3.0162e-08
882.88, -3.0231e-08
884.88, -3.0305e-08
886.89, -3.0376e-08
888.89, -3.0447e-08
890.89, -3.0517e-08
892.89, -3.0588e-08
894.89, -3.0651e-08
896.9, -3.0717e-08
898.9, -3.0782e-08
900.9, -3.0843e-08
902.9, -3.0903e-08
904.9, -3.0965e-08
906.91, -3.1022e-08
908.91, -3.1089e-08
910.91, -3.116e-08
912.91, -3.1227e-08
914.91, -3.129e-08
916.92, -3.1356e-08
918.92, -3.1423e-08
920.92, -3.1488e-08
922.92, -3.1551e-08
924.92, -3.1614e-08
926.93, -3.1679e-08
928.93, -3.1744e-08
930.93, -3.1809e-08
932.93, -3.1871e-08
934.93, -3.1941e-08
936.94, -3.2009e-08
938.94, -3.2075e-08
940.94, -3.2138e-08
942.94, -3.22e-08
944.94, -3.2262e-08
946.95, -3.2328e-08
948.95, -3.2396e-08
950.95, -3.246e-08
952.95, -3.2523e-08
954.95, -3.2588e-08
956.96, -3.2652e-08
958.96, -3.2712e-08
960.96, -3.2768e-08
962.96, -3.2823e-08
964.96, -3.2885e-08
966.97, -3.2946e-08
968.97, -3.3008e-08
970.97, -3.307e-08
972.97, -3.313e-08
974.97, -3.3194e-08
976.98, -3.3258e-08
978.98, -3.3321e-08
980.98, -3.3385e-08
982.98, -3.3447e-08
984.98, -3.3505e-08
986.99, -3.3558e-08
988.99, -3.3614e-08
990.99, -3.367e-08
992.99, -3.3727e-08
994.99, -3.3792e-08
997.0, -3.3861e-08
999.0, -3.3931e-08
1001.0, -3.3996e-08
1003.0, -3.4059e-08
1005.0, -3.4124e-08
1007.0, -3.4191e-08
1009.0, -3.4256e-08
1011.0, -3.4319e-08
1013.0, -3.4384e-08
1015.0, -3.4444e-08
1017.0, -3.4507e-08
1019.0, -3.457e-08
1021.0, -3.4628e-08
1023.0, -3.4684e-08
1025.0, -3.4739e-08
1027.0, -3.4797e-08
1029.0, -3.4861e-08
1031.0, -3.4922e-08
1033.0, -3.4982e-08
1035.0, -3.5044e-08
1037.0, -3.5106e-08
1039.0, -3.5169e-08
1041.0, -3.5229e-08
1043.0, -3.5287e-08
1045.0, -3.5349e-08
1047.0, -3.5412e-08
1049.0, -3.5478e-08
1051.0, -3.5227e-08
1053.1, -3.4697e-08
1055.1, -3.4177e-08
1057.1, -3.3599e-08
1059.1, -3.3027e-08
1061.1, -3.247e-08
1063.1, -3.1894e-08
1065.1, -3.1269e-08
1067.1, -3.0688e-08
1069.1, -3.0126e-08
1071.1, -2.9574e-08
1073.1, -2.9017e-08
1075.1, -2.8454e-08
1077.1, -2.7872e-08
1079.1, -2.7251e-08
1081.1, -2.6657e-08
1083.1, -2.6085e-08
1085.1, -2.5515e-08
1087.1, -2.4969e-08
1089.1, -2.4386e-08
1091.1, -2.3821e-08
1093.1, -2.3243e-08
1095.1, -2.2658e-08
1097.1, -2.2071e-08
1099.1, -2.1425e-08
1101.1, -2.0815e-08
1103.1, -2.022e-08
1105.1, -1.9636e-08
1107.1, -1.9054e-08
1109.1, -1.8461e-08
1111.1, -1.7825e-08
1113.1, -1.723e-08
1115.1, -1.6646e-08
1117.1, -1.6088e-08
1119.1, -1.5525e-08
1121.1, -1.4963e-08
1123.1, -1.4392e-08
1125.1, -1.3817e-08
1127.1, -1.3274e-08
1129.1, -1.2707e-08
1131.1, -1.2133e-08
1133.1, -1.1535e-08
1135.1, -1.097e-08
1137.1, -1.0374e-08
1139.1, -9.806e-09
1141.1, -9.186e-09
1143.1, -8.571e-09
1145.1, -8.041e-09
1147.1, -7.461e-09
1149.1, -6.831e-09
1151.1, -6.266e-09
1153.2, -5.7e-09
1155.2, -5.134e-09
1157.2, -4.514e-09
1159.2, -3.858e-09
1161.2, -3.279e-09
1163.2, -2.71e-09
1165.2, -2.107e-09
1167.2, -1.533e-09
1169.2, -9.68e-10
1171.2, -3.65e-10
1173.2, 2.78e-10
1175.2, 9.08e-10
1177.2, 1.502e-09
1179.2, 2.153e-09
1181.2, 2.756e-09
1183.2, 3.416e-09
1185.2, 3.993e-09
1187.2, 4.549e-09
1189.2, 5.235e-09
1191.2, 5.86e-09
1193.2, 6.418e-09
1195.2, 6.985e-09
1197.2, 7.576e-09
1199.2, 8.203e-09
1201.2, 8.792e-09
1203.2, 9.389e-09
1205.2, 1.0012e-08
1207.2, 1.0658e-08
1209.2, 1.124e-08
1211.2, 1.1844e-08
1213.2, 1.2468e-08
1215.2, 1.3076e-08
1217.2, 1.3665e-08
1219.2, 1.4288e-08
1221.2, 1.4925e-08
1223.2, 1.5526e-08
1225.2, 1.6105e-08
1227.2, 1.671e-08
1229.2, 1.7312e-08
1231.2, 1.7897e-08
1233.2, 1.8513e-08
1235.2, 1.9142e-08
1237.2, 1.9783e-08
1239.2, 2.0415e-08
1241.2, 2.104e-08
1243.2, 2.1649e-08
1245.2, 2.224e-08
1247.2, 2.2858e-08
1249.2, 2.3485e-08
1251.2, 2.4096e-08
1253.3, 2.4697e-08
1255.3, 2.5301e-08
1257.3, 2.5892e-08
1259.3, 2.6494e-08
1261.3, 2.7132e-08
1263.3, 2.7765e-08
1265.3, 2.8419e-08
1267.3, 2.9014e-08
1269.3, 2.9625e-08
1271.3, 3.0231e-08
1273.3, 3.0846e-08
1275.3, 3.1496e-08
1277.3, 3.2119e-08
1279.3, 3.2714e-08
1281.3, 3.3369e-08
1283.3, 3.4002e-08
1285.3, 3.461e-08
1287.3, 3.5255e-08
1289.3, 3.5875e-08
1291.3, 3.6505e-08
1293.3, 3.7168e-08
1295.3, 3.7799e-08
1297.3, 3.842e-08
1299.3, 3.9041e-08
1301.3, 3.9618e-08
1303.3, 4.0203e-08
1305.3, 4.0816e-08
1307.3, 4.1476e-08
1309.3, 4.2141e-08
1311.3, 4.2756e-08
1313.3, 4.3335e-08
1315.3, 4.3926e-08
1317.3, 4.4552e-08
1319.3, 4.5186e-08
1321.3, 4.5843e-08
1323.3, 4.6503e-08
1325.3, 4.7122e-08
1327.3, 4.7739e-08
1329.3, 4.8351e-08
1331.3, 4.8945e-08
1333.3, 4.9572e-08
1335.3, 5.0156e-08
1337.3, 5.079e-08
1339.3, 5.1411e-08
1341.3, 5.2025e-08
1343.3, 5.2706e-08
1345.3, 5.3366e-08
1347.3, 5.4011e-08
1349.3, 5.4605e-08
1351.3, 5.5195e-08
1353.4, 5.5833e-08
1355.4, 5.6469e-08
1357.4, 5.7123e-08
1359.4, 5.7746e-08
1361.4, 5.8345e-08
1363.4, 5.9017e-08
1365.4, 5.9705e-08
1367.4, 6.0341e-08
1369.4, 6.0981e-08
1371.4, 6.1609e-08
1373.4, 6.226e-08
1375.4, 6.2891e-08
1377.4, 6.3529e-08
1379.4, 6.4141e-08
1381.4, 6.4738e-08
1383.4, 6.5379e-08
1385.4, 6.602e-08
1387.4, 6.6628e-08
1389.4, 6.7288e-08
1391.4, 6.7923e-08
1393.4, 6.8571e-08
1395.4, 6.9231e-08
1397.4, 6.9881e-08
1399.4, 7.0499e-08
1401.4, 7.1111e-08
1403.4, 7.1701e-08
1405.4, 7.2372e-08
1407.4, 7.3012e-08
1409.4, 7.3647e-08
1411.4, 7.4251e-08
1413.4, 7.4872e-08
1415.4, 7.5486e-08
1417.4, 7.6126e-08
1419.4, 7.6784e-08
1421.4, 7.7413e-08
1423.4, 7.8037e-08
1425.4, 7.868e-08
1427.4, 7.9274e-08
1429.4, 7.9898e-08
1431.4, 8.0559e-08
1433.4, 8.1185e-08
1435.4, 8.1789e-08
1437.4, 8.2398e-08
1439.4, 8.3e-08
1441.4, 8.3617e-08
1443.4, 8.4268e-08
1445.4, 8.4914e-08
1447.4, 8.5547e-08
1449.4, 8.6136e-08
1451.4, 8.6785e-08
1453.5, 8.7448e-08
1455.5, 8.8095e-08
1457.5, 8.8725e-08
1459.5, 8.936e-08
1461.5, 9.0012e-08
1463.5, 9.0626e-08
1465.5, 9.1219e-08
1467.5, 9.1856e-08
1469.5, 9.2521e-08
1471.5, 9.3176e-08
1473.5, 9.3817e-08
1475.5, 9.4453e-08
1477.5, 9.5113e-08
1479.5, 9.5744e-08
1481.5, 9.6413e-08
1483.5, 9.7111e-08
1485.5, 9.777e-08
1487.5, 9.8378e-08
1489.5, 9.8958e-08
1491.5, 9.9595e-08
1493.5, 1.0022e-07
1495.5, 1.0089e-07
1497.5, 1.0153e-07
1499.5, 1.0216e-07
1501.5, 1.0279e-07
1503.5, 1.0344e-07
1505.5, 1.0403e-07
1507.5, 1.047e-07
1509.5, 1.0536e-07
1511.5, 1.0598e-07
1513.5, 1.0658e-07
1515.5, 1.072e-07
1517.5, 1.0782e-07
1519.5, 1.0846e-07
1521.5, 1.0909e-07
1523.5, 1.0967e-07
1525.5, 1.1028e-07
1527.5, 1.1095e-07
1529.5, 1.1158e-07
1531.5, 1.122e-07
1533.5, 1.1283e-07
1535.5, 1.1346e-07
1537.5, 1.1411e-07
1539.5, 1.1474e-07
1541.5, 1.1535e-07
1543.5, 1.1598e-07
1545.5, 1.1662e-07
1547.5, 1.1728e-07
1549.5, 1.1794e-07
1551.5, 1.1858e-07
1553.6, 1.1923e-07
1555.6, 1.1993e-07
1557.6, 1.2061e-07
1559.6, 1.2129e-07
1561.6, 1.2191e-07
1563.6, 1.2257e-07
1565.6, 1.2322e-07
1567.6, 1.2383e-07
1569.6, 1.2447e-07
1571.6, 1.2513e-07
1573.6, 1.2575e-07
1575.6, 1.2637e-07
1577.6, 1.2702e-07
1579.6, 1.2765e-07
1581.6, 1.2826e-07
1583.6, 1.2891e-07
1585.6, 1.2954e-07
1587.6, 1.3016e-07
1589.6, 1.3083e-07
1591.6, 1.315e-07
1593.6, 1.3217e-07
1595.6, 1.3287e-07
1597.6, 1.3354e-07
1599.6, 1.3418e-07
1601.6, 1.3483e-07
1603.6, 1.3549e-07
1605.6, 1.3615e-07
1607.6, 1.3684e-07
1609.6, 1.375e-07
1611.6, 1.3821e-07
1613.6, 1.3887e-07
1615.6, 1.395e-07
1617.6, 1.402e-07
1619.6, 1.4089e-07
1621.6, 1.4155e-07
1623.6, 1.4218e-07
1625.6, 1.4283e-07
1627.6, 1.4348e-07
1629.6, 1.4409e-07
1631.6, 1.4469e-07
1633.6, 1.4535e-07
1635.6, 1.46e-07
1637.6, 1.4667e-07
1639.6, 1.473e-07
1641.6, 1.4791e-07
1643.6, 1.4852e-07
1645.6, 1.4915e-07
1647.6, 1.498e-07
1649.6, 1.5044e-07
1651.6, 1.5106e-07
1653.7, 1.5171e-07
1655.7, 1.5238e-07
1657.7, 1.5302e-07
1659.7, 1.5365e-07
1661.7, 1.5424e-07
1663.7, 1.5486e-07
1665.7, 1.5548e-07
1667.7, 1.5609e-07
1669.7, 1.5669e-07
1671.7, 1.5735e-07
1673.7, 1.58e-07
1675.7, 1.5861e-07
1677.7, 1.592e-07
1679.7, 1.5979e-07
1681.7, 1.6044e-07
1683.7, 1.6106e-07
1685.7, 1.617e-07
1687.7, 1.6233e-07
1689.7, 1.6294e-07
1691.7, 1.6356e-07
1693.7, 1.6419e-07
1695.7, 1.6483e-07
1697.7, 1.6548e-07
1699.7, 1.6614e-07
1701.7, 1.668e-07
1703.7, 1.6744e-07
1705.7, 1.6811e-07
1707.7, 1.6876e-07
1709.7, 1.6935e-07
1711.7, 1.6997e-07
1713.7, 1.7062e-07
1715.7, 1.7131e-07
1717.7, 1.7192e-07
1719.7, 1.7251e-07
1721.7, 1.7313e-07
1723.7, 1.7371e-07
1725.7, 1.7433e-07
1727.7, 1.7492e-07
1729.7, 1.7554e-07
1731.7, 1.7618e-07
1733.7, 1.7683e-07
1735.7, 1.7747e-07
1737.7, 1.781e-07
1739.7, 1.7874e-07
1741.7, 1.7936e-07
1743.7, 1.7999e-07
1745.7, 1.8062e-07
1747.7, 1.8125e-07
1749.7, 1.8193e-07
1751.7, 1.8261e-07
1753.8, 1.8325e-07
1755.8, 1.8392e-07
1757.8, 1.846e-07
1759.8, 1.8521e-07
1761.8, 1.8587e-07
1763.8, 1.865e-07
1765.8, 1.8711e-07
1767.8, 1.8776e-07
1769.8, 1.8841e-07
1771.8, 1.8905e-07
1773.8, 1.8973e-07
1775.8, 1.9039e-07
1777.8, 1.9103e-07
1779.8, 1.9166e-07
1781.8, 1.9231e-07
1783.8, 1.93e-07
1785.8, 1.9369e-07
1787.8, 1.9431e-07
1789.8, 1.9495e-07
1791.8, 1.9564e-07
1793.8, 1.9629e-07
1795.8, 1.9693e-07
1797.8, 1.9756e-07
1799.8, 1.982e-07
1801.8, 1.9888e-07
1803.8, 1.9955e-07
1805.8, 2.0022e-07
1807.8, 2.0089e-07
1809.8, 2.0155e-07
1811.8, 2.0219e-07
1813.8, 2.0286e-07
1815.8, 2.0352e-07
1817.8, 2.0416e-07
1819.8, 2.0478e-07
1821.8, 2.0537e-07
1823.8, 2.0601e-07
1825.8, 2.0665e-07
1827.8, 2.0731e-07
1829.8, 2.0797e-07
1831.8, 2.0862e-07
1833.8, 2.093e-07
1835.8, 2.0998e-07
1837.8, 2.1069e-07
1839.8, 2.1138e-07
1841.8, 2.1209e-07
1843.8, 2.1274e-07
1845.8, 2.1339e-07
1847.8, 2.1404e-07
1849.8, 2.1472e-07
1851.8, 2.1535e-07
1853.9, 2.1601e-07
1855.9, 2.1667e-07
1857.9, 2.173e-07
1859.9, 2.1801e-07
1861.9, 2.1869e-07
1863.9, 2.1937e-07
1865.9, 2.2002e-07
1867.9, 2.2074e-07
1869.9, 2.2144e-07
1871.9, 2.2208e-07
1873.9, 2.2273e-07
1875.9, 2.234e-07
1877.9, 2.241e-07
1879.9, 2.2476e-07
1881.9, 2.2539e-07
1883.9, 2.2602e-07
1885.9, 2.2664e-07
1887.9, 2.2732e-07
1889.9, 2.2799e-07
1891.9, 2.2865e-07
1893.9, 2.2932e-07
1895.9, 2.3001e-07
1897.9, 2.3065e-07
1899.9, 2.3127e-07
1901.9, 2.3191e-07
1903.9, 2.326e-07
1905.9, 2.3329e-07
1907.9, 2.3399e-07
1909.9, 2.3468e-07
1911.9, 2.3536e-07
1913.9, 2.3604e-07
1915.9, 2.3672e-07
1917.9, 2.374e-07
1919.9, 2.3807e-07
1921.9, 2.3872e-07
1923.9, 2.3939e-07
1925.9, 2.4002e-07
1927.9, 2.4064e-07
1929.9, 2.4132e-07
1931.9, 2.4199e-07
1933.9, 2.4262e-07
1935.9, 2.4331e-07
1937.9, 2.4397e-07
1939.9, 2.4461e-07
1941.9, 2.4527e-07
1943.9, 2.4591e-07
1945.9, 2.4657e-07
1947.9, 2.4726e-07
1949.9, 2.4792e-07
1951.9, 2.4861e-07
1954.0, 2.4928e-07
1956.0, 2.4995e-07
1958.0, 2.506e-07
1960.0, 2.5125e-07
1962.0, 2.5194e-07
1964.0, 2.5259e-07
1966.0, 2.5318e-07
1968.0, 2.5385e-07
1970.0, 2.5452e-07
1972.0, 2.5519e-07
1974.0, 2.5588e-07
1976.0, 2.5653e-07
1978.0, 2.5719e-07
1980.0, 2.5786e-07
1982.0, 2.5857e-07
1984.0, 2.5926e-07
1986.0, 2.5992e-07
1988.0, 2.6056e-07
1990.0, 2.6122e-07
1992.0, 2.6192e-07
1994.0, 2.6251e-07
1996.0, 2.631e-07
1998.0, 2.6378e-07
2000.0, 2.6441e-07
2002.0, 2.6506e-07
2004.0, 2.6575e-07
2006.0, 2.6647e-07
2008.0, 2.6713e-07
2010.0, 2.6778e-07
2012.0, 2.6846e-07
2014.0, 2.6909e-07
2016.0, 2.6971e-07
2018.0, 2.7035e-07
2020.0, 2.7105e-07
2022.0, 2.7171e-07
2024.0, 2.7245e-07
2026.0, 2.7314e-07
2028.0, 2.738e-07
2030.0, 2.7446e-07
2032.0, 2.7509e-07
2034.0, 2.7576e-07
2036.0, 2.7643e-07
2038.0, 2.7708e-07
2040.0, 2.7775e-07
2042.0, 2.7841e-07
2044.0, 2.7905e-07
2046.0, 2.7971e-07
2048.0, 2.8039e-07
2050.0, 2.8101e-07
2052.0, 2.8128e-07
2054.1, 2.8122e-07
2056.1, 2.8116e-07
2058.1, 2.811e-07
2060.1, 2.8105e-07
2062.1, 2.8099e-07
2064.1, 2.8093e-07
2066.1, 2.8087e-07
2068.1, 2.8082e-07
2070.1, 2.8076e-07
2072.1, 2.807e-07
2074.1, 2.8064e-07
2076.1, 2.8057e-07
2078.1, 2.8051e-07
2080.1, 2.8044e-07
2082.1, 2.8038e-07
2084.1, 2.8033e-07
2086.1, 2.8027e-07
2088.1, 2.8021e-07
2090.1, 2.8016e-07
2092.1, 2.801e-07
2094.1, 2.8004e-07
2096.1, 2.7997e-07
2098.1, 2.7991e-07
2100.1, 2.7985e-07
2102.1, 2.7979e-07
2104.1, 2.7973e-07
2106.1, 2.7967e-07
2108.1, 2.7961e-07
2110.1, 2.7956e-07
2112.1, 2.7951e-07
2114.1, 2.7945e-07
2116.1, 2.7939e-07
2118.1, 2.7933e-07
2120.1, 2.7927e-07
2122.1, 2.7921e-07
2124.1, 2.7916e-07
2126.1, 2.791e-07
2128.1, 2.7903e-07
2130.1, 2.7897e-07
2132.1, 2.7891e-07
2134.1, 2.7885e-07
2136.1, 2.7878e-07
2138.1, 2.7872e-07
2140.1, 2.7866e-07
2142.1, 2.786e-07
2144.1, 2.7853e-07
2146.1, 2.7846e-07
2148.1, 2.784e-07
2150.1, 2.7833e-07
2152.1, 2.7826e-07
2154.2, 2.782e-07
2156.2, 2.7812e-07
2158.2, 2.7806e-07
2160.2, 2.78e-07
2162.2, 2.7793e-07
2164.2, 2.7787e-07
2166.2, 2.778e-07
2168.2, 2.7774e-07
2170.2, 2.7767e-07
2172.2, 2.7761e-07
2174.2, 2.7756e-07
2176.2, 2.775e-07
2178.2, 2.7744e-07
2180.2, 2.7738e-07
2182.2, 2.7732e-07
2184.2, 2.7727e-07
2186.2, 2.7721e-07
2188.2, 2.7716e-07
2190.2, 2.771e-07
2192.2, 2.7705e-07
2194.2, 2.7699e-07
2196.2, 2.7693e-07
2198.2, 2.7687e-07
2200.2, 2.7681e-07
2202.2, 2.7674e-07
2204.2, 2.7668e-07
2206.2, 2.7662e-07
2208.2, 2.7655e-07
2210.2, 2.7649e-07
2212.2, 2.7643e-07
2214.2, 2.7637e-07
2216.2, 2.7631e-07
2218.2, 2.7625e-07
2220.2, 2.7619e-07
2222.2, 2.7613e-07
2224.2, 2.7607e-07
2226.2, 2.7601e-07
2228.2, 2.7594e-07
2230.2, 2.7587e-07
2232.2, 2.7581e-07
2234.2, 2.7574e-07
2236.2, 2.7568e-07
2238.2, 2.7561e-07
2240.2, 2.7555e-07
2242.2, 2.755e-07
2244.2, 2.7544e-07
2246.2, 2.7539e-07
2248.2, 2.7533e-07
2250.2, 2.7527e-07
2252.2, 2.7522e-07
2254.3, 2.7516e-07
2256.3, 2.7511e-07
2258.3, 2.7505e-07
2260.3, 2.7499e-07
2262.3, 2.7494e-07
2264.3, 2.7489e-07
2266.3, 2.7483e-07
2268.3, 2.7478e-07
2270.3, 2.7473e-07
2272.3, 2.7469e-07
2274.3, 2.7463e-07
2276.3, 2.7459e-07
2278.3, 2.7454e-07
2280.3, 2.7448e-07
2282.3, 2.7443e-07
2284.3, 2.7437e-07
2286.3, 2.7432e-07
2288.3, 2.7426e-07
2290.3, 2.742e-07
2292.3, 2.7415e-07
2294.3, 2.741e-07
2296.3, 2.7405e-07
2298.3, 2.7399e-07
2300.3, 2.7394e-07
2302.3, 2.7389e-07
2304.3, 2.7384e-07
2306.3, 2.7378e-07
2308.3, 2.7372e-07
2310.3, 2.7367e-07
2312.3, 2.7362e-07
2314.3, 2.7356e-07
2316.3, 2.735e-07
2318.3, 2.7344e-07
2320.3, 2.7338e-07
2322.3, 2.7333e-07
2324.3, 2.7326e-07
2326.3, 2.732e-07
2328.3, 2.7314e-07
2330.3, 2.7309e-07
2332.3, 2.7303e-07
2334.3, 2.7298e-07
2336.3, 2.7292e-07
2338.3, 2.7287e-07
2340.3, 2.7281e-07
2342.3, 2.7275e-07
2344.3, 2.727e-07
2346.3, 2.7264e-07
2348.3, 2.7259e-07
2350.3, 2.7253e-07
2352.3, 2.7248e-07
2354.4, 2.7242e-07
2356.4, 2.7237e-07
2358.4, 2.7232e-07
2360.4, 2.7227e-07
2362.4, 2.7222e-07
2364.4, 2.7217e-07
2366.4, 2.7211e-07
2368.4, 2.7204e-07
2370.4, 2.7198e-07
2372.4, 2.7193e-07
2374.4, 2.7187e-07
2376.4, 2.7181e-07
2378.4, 2.7175e-07
2380.4, 2.717e-07
2382.4, 2.7164e-07
2384.4, 2.7158e-07
2386.4, 2.7152e-07
2388.4, 2.7146e-07
2390.4, 2.714e-07
2392.4, 2.7133e-07
2394.4, 2.7127e-07
2396.4, 2.7121e-07
2398.4, 2.7116e-07
2400.4, 2.711e-07
2402.4, 2.7105e-07
2404.4, 2.7099e-07
2406.4, 2.7093e-07
2408.4, 2.7088e-07
2410.4, 2.7083e-07
2412.4, 2.7078e-07
2414.4, 2.7073e-07
2416.4, 2.7068e-07
2418.4, 2.7062e-07
2420.4, 2.7055e-07
2422.4, 2.7049e-07
2424.4, 2.7042e-07
2426.4, 2.7036e-07
2428.4, 2.7029e-07
2430.4, 2.7023e-07
2432.4, 2.7017e-07
2434.4, 2.7011e-07
2436.4, 2.7004e-07
2438.4, 2.6998e-07
2440.4, 2.6992e-07
2442.4, 2.6987e-07
2444.4, 2.6981e-07
2446.4, 2.6975e-07
2448.4, 2.697e-07
2450.4, 2.6963e-07
2452.4, 2.6957e-07
2454.5, 2.6951e-07
2456.5, 2.6945e-07
2458.5, 2.6939e-07
2460.5, 2.6932e-07
2462.5, 2.6926e-07
2464.5, 2.692e-07
2466.5, 2.6914e-07
2468.5, 2.6908e-07
2470.5, 2.6902e-07
2472.5, 2.6897e-07
2474.5, 2.6891e-07
2476.5, 2.6886e-07
2478.5, 2.688e-07
2480.5, 2.6874e-07
2482.5, 2.6868e-07
2484.5, 2.6862e-07
2486.5, 2.6856e-07
2488.5, 2.685e-07
2490.5, 2.6844e-07
2492.5, 2.6838e-07
2494.5, 2.6832e-07
2496.5, 2.6827e-07
2498.5, 2.6821e-07
2500.5, 2.6815e-07
2502.5, 2.6809e-07
2504.5, 2.6802e-07
2506.5, 2.6796e-07
2508.5, 2.6789e-07
2510.5, 2.6783e-07
2512.5, 2.6777e-07
2514.5, 2.677e-07
2516.5, 2.6763e-07
2518.5, 2.6757e-07
2520.5, 2.6751e-07
2522.5, 2.6744e-07
2524.5, 2.6738e-07
2526.5, 2.6731e-07
2528.5, 2.6724e-07
2530.5, 2.6718e-07
2532.5, 2.6712e-07
2534.5, 2.6705e-07
2536.5, 2.6699e-07
2538.5, 2.6694e-07
2540.5, 2.6688e-07
2542.5, 2.6682e-07
2544.5, 2.6676e-07
2546.5, 2.667e-07
2548.5, 2.6664e-07
2550.5, 2.6658e-07
2552.5, 2.6652e-07
2554.6, 2.6646e-07
2556.6, 2.664e-07
2558.6, 2.6634e-07
2560.6, 2.6629e-07
2562.6, 2.6622e-07
2564.6, 2.6616e-07
2566.6, 2.661e-07
2568.6, 2.6603e-07
2570.6, 2.6597e-07
2572.6, 2.659e-07
2574.6, 2.6584e-07
2576.6, 2.6578e-07
2578.6, 2.6572e-07
2580.6, 2.6566e-07
2582.6, 2.656e-07
2584.6, 2.6554e-07
2586.6, 2.6548e-07
2588.6, 2.6542e-07
2590.6, 2.6537e-07
2592.6, 2.6531e-07
2594.6, 2.6526e-07
2596.6, 2.652e-07
2598.6, 2.6514e-07
2600.6, 2.6508e-07
2602.6, 2.6501e-07
2604.6, 2.6495e-07
2606.6, 2.649e-07
2608.6, 2.6484e-07
2610.6, 2.6478e-07
2612.6, 2.6473e-07
2614.6, 2.6467e-07
2616.6, 2.6461e-07
2618.6, 2.6455e-07
2620.6, 2.6449e-07
2622.6, 2.6444e-07
2624.6, 2.6438e-07
2626.6, 2.6432e-07
2628.6, 2.6426e-07
2630.6, 2.642e-07
2632.6, 2.6414e-07
2634.6, 2.6408e-07
2636.6, 2.6402e-07
2638.6, 2.6396e-07
2640.6, 2.639e-07
2642.6, 2.6384e-07
2644.6, 2.6378e-07
2646.6, 2.6373e-07
2648.6, 2.6368e-07
2650.6, 2.6362e-07
2652.6, 2.6356e-07
2654.7, 2.6351e-07
2656.7, 2.6346e-07
2658.7, 2.6341e-07
2660.7, 2.6335e-07
2662.7, 2.6329e-07
2664.7, 2.6324e-07
2666.7, 2.6318e-07
2668.7, 2.6313e-07
2670.7, 2.6307e-07
2672.7, 2.63e-07
2674.7, 2.6295e-07
2676.7, 2.6289e-07
2678.7, 2.6284e-07
2680.7, 2.6278e-07
2682.7, 2.6272e-07
2684.7, 2.6267e-07
2686.7, 2.6262e-07
2688.7, 2.6256e-07
2690.7, 2.625e-07
2692.7, 2.6244e-07
2694.7, 2.6238e-07
2696.7, 2.6232e-07
2698.7, 2.6226e-07
2700.7, 2.622e-07
2702.7, 2.6215e-07
2704.7, 2.6209e-07
2706.7, 2.6204e-07
2708.7, 2.6199e-07
2710.7, 2.6193e-07
2712.7, 2.6187e-07
2714.7, 2.6182e-07
2716.7, 2.6177e-07
2718.7, 2.6171e-07
2720.7, 2.6165e-07
2722.7, 2.6159e-07
2724.7, 2.6152e-07
2726.7, 2.6146e-07
2728.7, 2.614e-07
2730.7, 2.6135e-07
2732.7, 2.6129e-07
2734.7, 2.6124e-07
2736.7, 2.6118e-07
2738.7, 2.6113e-07
2740.7, 2.6107e-07
2742.7, 2.6102e-07
2744.7, 2.6096e-07
2746.7, 2.6091e-07
2748.7, 2.6087e-07
2750.7, 2.6082e-07
2752.7, 2.6077e-07
2754.8, 2.6072e-07
2756.8, 2.6067e-07
2758.8, 2.6062e-07
2760.8, 2.6057e-07
2762.8, 2.6052e-07
2764.8, 2.6047e-07
2766.8, 2.6042e-07
2768.8, 2.6037e-07
2770.8, 2.6031e-07
2772.8, 2.6026e-07
2774.8, 2.6021e-07
2776.8, 2.6016e-07
2778.8, 2.6012e-07
2780.8, 2.6006e-07
2782.8, 2.6001e-07
2784.8, 2.5995e-07
2786.8, 2.5989e-07
2788.8, 2.5983e-07
2790.8, 2.5977e-07
2792.8, 2.5971e-07
2794.8, 2.5966e-07
2796.8, 2.5961e-07
2798.8, 2.5955e-07
2800.8, 2.5949e-07
2802.8, 2.5944e-07
2804.8, 2.5937e-07
2806.8, 2.5932e-07
2808.8, 2.5926e-07
2810.8, 2.592e-07
2812.8, 2.5913e-07
2814.8, 2.5907e-07
2816.8, 2.59e-07
2818.8, 2.5894e-07
2820.8, 2.5888e-07
2822.8, 2.5882e-07
2824.8, 2.5876e-07
2826.8, 2.5869e-07
2828.8, 2.5863e-07
2830.8, 2.5857e-07
2832.8, 2.5851e-07
2834.8, 2.5844e-07
2836.8, 2.5838e-07
2838.8, 2.5832e-07
2840.8, 2.5826e-07
2842.8, 2.582e-07
2844.8, 2.5814e-07
2846.8, 2.5808e-07
2848.8, 2.5802e-07
2850.8, 2.5796e-07
2852.8, 2.5791e-07
2854.9, 2.5785e-07
2856.9, 2.5779e-07
2858.9, 2.5773e-07
2860.9, 2.5767e-07
2862.9, 2.5761e-07
2864.9, 2.5755e-07
2866.9, 2.5749e-07
2868.9, 2.5743e-07
2870.9, 2.5737e-07
2872.9, 2.5731e-07
2874.9, 2.5726e-07
2876.9, 2.572e-07
2878.9, 2.5714e-07
2880.9, 2.5709e-07
2882.9, 2.5703e-07
2884.9, 2.5697e-07
2886.9, 2.569e-07
2888.9, 2.5684e-07
2890.9, 2.5678e-07
2892.9, 2.5672e-07
2894.9, 2.5666e-07
2896.9, 2.566e-07
2898.9, 2.5653e-07
2900.9, 2.5647e-07
2902.9, 2.564e-07
2904.9, 2.5634e-07
2906.9, 2.5627e-07
2908.9, 2.5621e-07
2910.9, 2.5613e-07
2912.9, 2.5607e-07
2914.9, 2.56e-07
2916.9, 2.5594e-07
2918.9, 2.5587e-07
2920.9, 2.5581e-07
2922.9, 2.5575e-07
2924.9, 2.5568e-07
2926.9, 2.5561e-07
2928.9, 2.5555e-07
2930.9, 2.5548e-07
2932.9, 2.5541e-07
2934.9, 2.5534e-07
2936.9, 2.5528e-07
2938.9, 2.552e-07
2940.9, 2.5514e-07
2942.9, 2.5507e-07
2944.9, 2.55e-07
2946.9, 2.5494e-07
2948.9, 2.5487e-07
2950.9, 2.5481e-07
2952.9, 2.5475e-07
2955.0, 2.5469e-07
2957.0, 2.5463e-07
2959.0, 2.5456e-07
2961.0, 2.5451e-07
2963.0, 2.5444e-07
2965.0, 2.5437e-07
2967.0, 2.5431e-07
2969.0, 2.5425e-07
2971.0, 2.5418e-07
2973.0, 2.5411e-07
2975.0, 2.5405e-07
2977.0, 2.5398e-07
2979.0, 2.5391e-07
2981.0, 2.5384e-07
2983.0, 2.5378e-07
2985.0, 2.5371e-07
2987.0, 2.5365e-07
2989.0, 2.5358e-07
2991.0, 2.5352e-07
2993.0, 2.5345e-07
2995.0, 2.5339e-07
2997.0, 2.5333e-07
2999.0, 2.5326e-07
3001.0, 2.5319e-07
3003.0, 2.5313e-07
3005.0, 2.5307e-07
3007.0, 2.5301e-07
3009.0, 2.5294e-07
3011.0, 2.5288e-07
3013.0, 2.5281e-07
3015.0, 2.5275e-07
3017.0, 2.5269e-07
3019.0, 2.5261e-07
3021.0, 2.5255e-07
3023.0, 2.5248e-07
3025.0, 2.5242e-07
3027.0, 2.5236e-07
3029.0, 2.5229e-07
3031.0, 2.5222e-07
3033.0, 2.5216e-07
3035.0, 2.521e-07
3037.0, 2.5203e-07
3039.0, 2.5197e-07
3041.0, 2.519e-07
3043.0, 2.5183e-07
3045.0, 2.5176e-07
3047.0, 2.5169e-07
3049.0, 2.5162e-07
3051.0, 2.5155e-07
3053.0, 2.5148e-07
3055.1, 2.5141e-07
3057.1, 2.5135e-07
3059.1, 2.5128e-07
3061.1, 2.5122e-07
3063.1, 2.5116e-07
3065.1, 2.511e-07
3067.1, 2.5103e-07
3069.1, 2.5097e-07
3071.1, 2.5091e-07
3073.1, 2.5086e-07
3075.1, 2.5079e-07
3077.1, 2.5073e-07
3079.1, 2.5066e-07
3081.1, 2.5061e-07
3083.1, 2.5054e-07
3085.1, 2.5049e-07
3087.1, 2.5044e-07
3089.1, 2.5038e-07
3091.1, 2.5032e-07
3093.1, 2.5026e-07
3095.1, 2.502e-07
3097.1, 2.5013e-07
3099.1, 2.5007e-07
3101.1, 2.5e-07
3103.1, 2.4994e-07
3105.1, 2.4988e-07
3107.1, 2.4982e-07
3109.1, 2.4975e-07
3111.1, 2.4969e-07
3113.1, 2.4962e-07
3115.1, 2.4993e-07
3117.1, 2.5047e-07
3119.1, 2.5102e-07
3121.1, 2.5159e-07
3123.1, 2.5212e-07
3125.1, 2.5266e-07
3127.1, 2.5321e-07
3129.1, 2.5376e-07
3131.1, 2.5431e-07
3133.1, 2.5483e-07
3135.1, 2.5541e-07
3137.1, 2.5598e-07
3139.1, 2.5659e-07
3141.1, 2.5716e-07
3143.1, 2.5772e-07
3145.1, 2.5827e-07
3147.1, 2.5887e-07
3149.1, 2.5947e-07
3151.1, 2.6007e-07
3153.1, 2.6062e-07
3155.2, 2.6115e-07
3157.2, 2.6176e-07
3159.2, 2.6236e-07
3161.2, 2.6291e-07
3163.2, 2.635e-07
3165.2, 2.6409e-07
3167.2, 2.6464e-07
3169.2, 2.6518e-07
3171.2, 2.6577e-07
3173.2, 2.6636e-07
3175.2, 2.6694e-07
3177.2, 2.675e-07
3179.2, 2.681e-07
3181.2, 2.6867e-07
3183.2, 2.6924e-07
3185.2, 2.6983e-07
3187.2, 2.7041e-07
3189.2, 2.7101e-07
3191.2, 2.716e-07
3193.2, 2.7216e-07
3195.2, 2.7279e-07
3197.2, 2.7343e-07
3199.2, 2.7406e-07
3201.2, 2.7466e-07
3203.2, 2.7532e-07
3205.2, 2.7597e-07
3207.2, 2.7656e-07
3209.2, 2.7714e-07
3211.2, 2.7771e-07
3213.2, 2.7832e-07
3215.2, 2.7894e-07
3217.2, 2.7957e-07
3219.2, 2.8018e-07
3221.2, 2.8074e-07
3223.2, 2.8133e-07
3225.2, 2.8194e-07
3227.2, 2.8255e-07
3229.2, 2.832e-07
3231.2, 2.8377e-07
3233.2, 2.844e-07
3235.2, 2.8501e-07
3237.2, 2.8559e-07
3239.2, 2.862e-07
3241.2, 2.8679e-07
3243.2, 2.8736e-07
3245.2, 2.879e-07
3247.2, 2.8849e-07
3249.2, 2.8907e-07
3251.2, 2.8966e-07
3253.2, 2.903e-07
3255.3, 2.909e-07
3257.3, 2.9149e-07
3259.3, 2.9211e-07
3261.3, 2.9271e-07
3263.3, 2.9331e-07
3265.3, 2.9393e-07
3267.3, 2.9456e-07
3269.3, 2.9522e-07
3271.3, 2.9585e-07
3273.3, 2.9646e-07
3275.3, 2.9705e-07
3277.3, 2.9768e-07
3279.3, 2.983e-07
3281.3, 2.989e-07
3283.3, 2.9955e-07
3285.3, 3.0019e-07
3287.3, 3.0081e-07
3289.3, 3.0142e-07
3291.3, 3.02e-07
3293.3, 3.0262e-07
3295.3, 3.0325e-07
3297.3, 3.0391e-07
3299.3, 3.0454e-07
3301.3, 3.051e-07
3303.3, 3.0568e-07
3305.3, 3.0629e-07
3307.3, 3.0691e-07
3309.3, 3.0755e-07
3311.3, 3.0821e-07
3313.3, 3.0886e-07
3315.3, 3.0951e-07
3317.3, 3.1015e-07
3319.3, 3.1079e-07
3321.3, 3.1144e-07
3323.3, 3.1207e-07
3325.3, 3.1271e-07
3327.3, 3.1336e-07
3329.3, 3.14e-07
3331.3, 3.1462e-07
3333.3, 3.1529e-07
3335.3, 3.159e-07
3337.3, 3.1649e-07
3339.3, 3.1715e-07
3341.3, 3.1781e-07
3343.3, 3.1843e-07
3345.3, 3.1903e-07
3347.3, 3.1962e-07
3349.3, 3.2025e-07
3351.3, 3.209e-07
3353.3, 3.215e-07
3355.4, 3.2211e-07
3357.4, 3.2275e-07
3359.4, 3.2339e-07
3361.4, 3.2398e-07
3363.4, 3.2457e-07
3365.4, 3.2517e-07
3367.4, 3.2577e-07
3369.4, 3.264e-07
3371.4, 3.2705e-07
3373.4, 3.277e-07
3375.4, 3.2833e-07
3377.4, 3.2896e-07
3379.4, 3.2956e-07
3381.4, 3.3011e-07
3383.4, 3.3071e-07
3385.4, 3.313e-07
3387.4, 3.3191e-07
3389.4, 3.3255e-07
3391.4, 3.332e-07
3393.4, 3.3383e-07
3395.4, 3.345e-07
3397.4, 3.3516e-07
3399.4, 3.3581e-07
3401.4, 3.3646e-07
3403.4, 3.3712e-07
3405.4, 3.3781e-07
3407.4, 3.3843e-07
3409.4, 3.3905e-07
3411.4, 3.3969e-07
3413.4, 3.4035e-07
3415.4, 3.4102e-07
3417.4, 3.4165e-07
3419.4, 3.4232e-07
3421.4, 3.4299e-07
3423.4, 3.4367e-07
3425.4, 3.4433e-07
3427.4, 3.4497e-07
3429.4, 3.4564e-07
3431.4, 3.4634e-07
3433.4, 3.4696e-07
3435.4, 3.4752e-07
3437.4, 3.4816e-07
3439.4, 3.4881e-07
3441.4, 3.4946e-07
3443.4, 3.5015e-07
3445.4, 3.5083e-07
3447.4, 3.5147e-07
3449.4, 3.5212e-07
3451.4, 3.528e-07
3453.4, 3.5345e-07
3455.5, 3.5412e-07
3457.5, 3.5475e-07
3459.5, 3.5538e-07
3461.5, 3.5602e-07
3463.5, 3.5666e-07
3465.5, 3.5734e-07
3467.5, 3.5795e-07
3469.5, 3.5864e-07
3471.5, 3.5927e-07
3473.5, 3.5989e-07
3475.5, 3.6048e-07
3477.5, 3.6111e-07
3479.5, 3.6176e-07
3481.5, 3.6243e-07
3483.5, 3.6312e-07
3485.5, 3.6376e-07
3487.5, 3.6442e-07
3489.5, 3.6511e-07
3491.5, 3.6571e-07
3493.5, 3.6638e-07
3495.5, 3.6706e-07
3497.5, 3.6773e-07
3499.5, 3.6841e-07
3501.5, 3.6911e-07
3503.5, 3.6975e-07
3505.5, 3.7037e-07
3507.5, 3.7099e-07
3509.5, 3.716e-07
3511.5, 3.7224e-07
3513.5, 3.7291e-07
3515.5, 3.7356e-07
3517.5, 3.742e-07
3519.5, 3.7487e-07
3521.5, 3.755e-07
3523.5, 3.7615e-07
3525.5, 3.768e-07
3527.5, 3.7743e-07
3529.5, 3.7808e-07
3531.5, 3.7878e-07
3533.5, 3.795e-07
3535.5, 3.8015e-07
3537.5, 3.8082e-07
3539.5, 3.8145e-07
3541.5, 3.8213e-07
3543.5, 3.8275e-07
3545.5, 3.8339e-07
3547.5, 3.8405e-07
3549.5, 3.8476e-07
3551.5, 3.8537e-07
3553.5, 3.8601e-07
3555.6, 3.8669e-07
3557.6, 3.8732e-07
3559.6, 3.8794e-07
3561.6, 3.8858e-07
3563.6, 3.8924e-07
3565.6, 3.899e-07
3567.6, 3.9059e-07
3569.6, 3.9123e-07
3571.6, 3.9187e-07
3573.6, 3.9252e-07
3575.6, 3.9319e-07
3577.6, 3.9386e-07
3579.6, 3.9454e-07
3581.6, 3.9519e-07
3583.6, 3.9587e-07
3585.6, 3.9652e-07
3587.6, 3.9716e-07
3589.6, 3.9783e-07
3591.6, 3.9848e-07
3593.6, 3.9915e-07
3595.6, 3.998e-07
3597.6, 4.0045e-07
3599.6, 4.011e-07
3601.6, 4.0172e-07
3603.6, 4.0235e-07
3605.6, 4.0302e-07
3607.6, 4.0369e-07
3609.6, 4.0435e-07
3611.6, 4.0501e-07
3613.6, 4.0567e-07
3615.6, 4.0633e-07
3617.6, 4.0699e-07
3619.6, 4.0766e-07
3621.6, 4.0838e-07
3623.6, 4.0908e-07
3625.6, 4.0973e-07
3627.6, 4.1036e-07
3629.6, 4.1102e-07
3631.6, 4.1166e-07
3633.6, 4.123e-07
3635.6, 4.1297e-07
3637.6, 4.1353e-07
3639.6, 4.142e-07
3641.6, 4.1486e-07
3643.6, 4.1551e-07
3645.6, 4.1618e-07
3647.6, 4.1683e-07
3649.6, 4.175e-07
3651.6, 4.1818e-07
3653.6, 4.1883e-07
3655.7, 4.1948e-07
3657.7, 4.2014e-07
3659.7, 4.2078e-07
3661.7, 4.2143e-07
3663.7, 4.2208e-07
3665.7, 4.2278e-07
3667.7, 4.2343e-07
3669.7, 4.2406e-07
3671.7, 4.2466e-07
3673.7, 4.2536e-07
3675.7, 4.2603e-07
3677.7, 4.2666e-07
3679.7, 4.2731e-07
3681.7, 4.2798e-07
3683.7, 4.2867e-07
3685.7, 4.2933e-07
3687.7, 4.2999e-07
3689.7, 4.3068e-07
3691.7, 4.3141e-07
3693.7, 4.3215e-07
3695.7, 4.328e-07
3697.7, 4.335e-07
3699.7, 4.3416e-07
3701.7, 4.3482e-07
3703.7, 4.355e-07
3705.7, 4.3623e-07
3707.7, 4.3691e-07
3709.7, 4.3759e-07
3711.7, 4.3824e-07
3713.7, 4.3888e-07
3715.7, 4.395e-07
3717.7, 4.4017e-07
3719.7, 4.4088e-07
3721.7, 4.4154e-07
3723.7, 4.4219e-07
3725.7, 4.429e-07
3727.7, 4.4363e-07
3729.7, 4.4434e-07
3731.7, 4.45e-07
3733.7, 4.4564e-07
3735.7, 4.463e-07
3737.7, 4.4695e-07
3739.7, 4.4764e-07
3741.7, 4.4834e-07
3743.7, 4.4903e-07
3745.7, 4.4969e-07
3747.7, 4.5033e-07
3749.7, 4.5104e-07
3751.7, 4.517e-07
3753.7, 4.524e-07
3755.8, 4.5308e-07
3757.8, 4.5375e-07
3759.8, 4.5441e-07
3761.8, 4.5508e-07
3763.8, 4.5573e-07
3765.8, 4.564e-07
3767.8, 4.5703e-07
3769.8, 4.5767e-07
3771.8, 4.5837e-07
3773.8, 4.59e-07
3775.8, 4.5971e-07
3777.8, 4.6039e-07
3779.8, 4.6106e-07
3781.8, 4.6172e-07
3783.8, 4.624e-07
3785.8, 4.6307e-07
3787.8, 4.637e-07
3789.8, 4.6432e-07
3791.8, 4.6498e-07
3793.8, 4.6566e-07
3795.8, 4.6635e-07
3797.8, 4.6704e-07
3799.8, 4.6771e-07
3801.8, 4.6837e-07
3803.8, 4.6898e-07
3805.8, 4.6963e-07
3807.8, 4.7029e-07
3809.8, 4.7093e-07
3811.8, 4.7158e-07
3813.8, 4.7221e-07
3815.8, 4.7285e-07
3817.8, 4.7354e-07
3819.8, 4.7418e-07
3821.8, 4.7481e-07
3823.8, 4.7547e-07
3825.8, 4.7611e-07
3827.8, 4.7675e-07
3829.8, 4.7734e-07
3831.8, 4.7796e-07
3833.8, 4.7862e-07
3835.8, 4.7927e-07
3837.8, 4.7993e-07
3839.8, 4.8058e-07
3841.8, 4.8121e-07
3843.8, 4.8186e-07
3845.8, 4.8257e-07
3847.8, 4.8325e-07
3849.8, 4.839e-07
3851.8, 4.8461e-07
3853.8, 4.8534e-07
3855.9, 4.8601e-07
3857.9, 4.8667e-07
3859.9, 4.8732e-07
3861.9, 4.8801e-07
3863.9, 4.8864e-07
3865.9, 4.8931e-07
3867.9, 4.8998e-07
3869.9, 4.9069e-07
3871.9, 4.9133e-07
3873.9, 4.9203e-07
3875.9, 4.9268e-07
3877.9, 4.9336e-07
3879.9, 4.9408e-07
3881.9, 4.9477e-07
3883.9, 4.9543e-07
3885.9, 4.9611e-07
3887.9, 4.9681e-07
3889.9, 4.9747e-07
3891.9, 4.9818e-07
3893.9, 4.9883e-07
3895.9, 4.9949e-07
3897.9, 5.002e-07
3899.9, 5.0091e-07
3901.9, 5.0162e-07
3903.9, 5.0232e-07
3905.9, 5.0304e-07
3907.9, 5.0374e-07
3909.9, 5.0441e-07
3911.9, 5.0513e-07
3913.9, 5.0581e-07
3915.9, 5.0646e-07
3917.9, 5.071e-07
3919.9, 5.0777e-07
3921.9, 5.0845e-07
3923.9, 5.0915e-07
3925.9, 5.0983e-07
3927.9, 5.105e-07
3929.9, 5.1115e-07
3931.9, 5.1182e-07
3933.9, 5.1248e-07
3935.9, 5.1314e-07
3937.9, 5.1378e-07
3939.9, 5.1445e-07
3941.9, 5.1508e-07
3943.9, 5.1575e-07
3945.9, 5.1636e-07
3947.9, 5.1701e-07
3949.9, 5.1765e-07
3951.9, 5.1832e-07
3953.9, 5.1898e-07
3956.0, 5.1967e-07
3958.0, 5.2035e-07
3960.0, 5.2105e-07
3962.0, 5.2173e-07
3964.0, 5.224e-07
3966.0, 5.2309e-07
3968.0, 5.2375e-07
3970.0, 5.244e-07
3972.0, 5.2506e-07
3974.0, 5.2573e-07
3976.0, 5.2638e-07
3978.0, 5.2701e-07
3980.0, 5.2767e-07
3982.0, 5.2832e-07
3984.0, 5.29e-07
3986.0, 5.297e-07
3988.0, 5.304e-07
3990.0, 5.3109e-07
3992.0, 5.3179e-07
3994.0, 5.3249e-07
3996.0, 5.3318e-07
3998.0, 5.3383e-07
4000.0, 5.3451e-07
4002.0, 5.352e-07
4004.0, 5.3586e-07
4006.0, 5.365e-07
4008.0, 5.3718e-07
4010.0, 5.3783e-07
4012.0, 5.3849e-07
4014.0, 5.3916e-07
4016.0, 5.3983e-07
4018.0, 5.4047e-07
4020.0, 5.4114e-07
4022.0, 5.4185e-07
4024.0, 5.4255e-07
4026.0, 5.4326e-07
4028.0, 5.44e-07
4030.0, 5.4467e-07
4032.0, 5.4536e-07
4034.0, 5.4605e-07
4036.0, 5.4669e-07
4038.0, 5.4732e-07
4040.0, 5.4798e-07
4042.0, 5.4864e-07
4044.0, 5.4931e-07
4046.0, 5.4994e-07
4048.0, 5.5058e-07
4050.0, 5.5125e-07
4052.0, 5.5193e-07
4054.0, 5.5262e-07
4056.1, 5.5328e-07
4058.1, 5.5392e-07
4060.1, 5.546e-07
4062.1, 5.5529e-07
4064.1, 5.5602e-07
4066.1, 5.5669e-07
4068.1, 5.5739e-07
4070.1, 5.5811e-07
4072.1, 5.5876e-07
4074.1, 5.5944e-07
4076.1, 5.6011e-07
4078.1, 5.6077e-07
4080.1, 5.6145e-07
4082.1, 5.6214e-07
4084.1, 5.6283e-07
4086.1, 5.6346e-07
4088.1, 5.641e-07
4090.1, 5.6478e-07
4092.1, 5.6548e-07
4094.1, 5.6616e-07
4096.1, 5.6682e-07
4098.1, 5.6751e-07
4100.1, 5.6814e-07
4102.1, 5.6882e-07
4104.1, 5.6956e-07
4106.1, 5.7027e-07
4108.1, 5.7101e-07
4110.1, 5.7169e-07
4112.1, 5.7236e-07
4114.1, 5.7307e-07
4116.1, 5.7333e-07
4118.1, 5.7327e-07
4120.1, 5.7321e-07
4122.1, 5.7315e-07
4124.1, 5.731e-07
4126.1, 5.7304e-07
4128.1, 5.7297e-07
4130.1, 5.7291e-07
4132.1, 5.7285e-07
4134.1, 5.7279e-07
4136.1, 5.7273e-07
4138.1, 5.7266e-07
4140.1, 5.7261e-07
4142.1, 5.7255e-07
4144.1, 5.7249e-07
4146.1, 5.7244e-07
4148.1, 5.7239e-07
4150.1, 5.7233e-07
4152.1, 5.7227e-07
4154.1, 5.7222e-07
4156.2, 5.7216e-07
4158.2, 5.721e-07
4160.2, 5.7205e-07
4162.2, 5.72e-07
4164.2, 5.7194e-07
4166.2, 5.7188e-07
4168.2, 5.7183e-07
4170.2, 5.7177e-07
4172.2, 5.7171e-07
4174.2, 5.7165e-07
4176.2, 5.7159e-07
4178.2, 5.7153e-07
4180.2, 5.7148e-07
4182.2, 5.7142e-07
4184.2, 5.7136e-07
4186.2, 5.7131e-07
4188.2, 5.7125e-07
4190.2, 5.712e-07
4192.2, 5.7114e-07
4194.2, 5.7108e-07
4196.2, 5.7103e-07
4198.2, 5.7096e-07
4200.2, 5.709e-07
4202.2, 5.7084e-07
4204.2, 5.7079e-07
4206.2, 5.7073e-07
4208.2, 5.7067e-07
4210.2, 5.7061e-07
4212.2, 5.7055e-07
4214.2, 5.7049e-07
4216.2, 5.7044e-07
4218.2, 5.7038e-07
4220.2, 5.7033e-07
4222.2, 5.7028e-07
4224.2, 5.7022e-07
4226.2, 5.7016e-07
4228.2, 5.701e-07
4230.2, 5.7005e-07
4232.2, 5.6999e-07
4234.2, 5.6994e-07
4236.2, 5.6988e-07
4238.2, 5.6983e-07
4240.2, 5.6977e-07
4242.2, 5.6971e-07
4244.2, 5.6965e-07
4246.2, 5.696e-07
4248.2, 5.6954e-07
4250.2, 5.6949e-07
4252.2, 5.6943e-07
4254.2, 5.6937e-07
4256.3, 5.6932e-07
4258.3, 5.6926e-07
4260.3, 5.6921e-07
4262.3, 5.6915e-07
4264.3, 5.6909e-07
4266.3, 5.6904e-07
4268.3, 5.6898e-07
4270.3, 5.6891e-07
4272.3, 5.6885e-07
4274.3, 5.688e-07
4276.3, 5.6874e-07
4278.3, 5.6868e-07
4280.3, 5.6862e-07
4282.3, 5.6856e-07
4284.3, 5.685e-07
4286.3, 5.6845e-07
4288.3, 5.684e-07
4290.3, 5.6834e-07
4292.3, 5.6829e-07
4294.3, 5.6823e-07
4296.3, 5.6817e-07
4298.3, 5.6812e-07
4300.3, 5.6806e-07
4302.3, 5.6801e-07
4304.3, 5.6795e-07
4306.3, 5.679e-07
4308.3, 5.6784e-07
4310.3, 5.6779e-07
4312.3, 5.6773e-07
4314.3, 5.6768e-07
4316.3, 5.6763e-07
4318.3, 5.6757e-07
4320.3, 5.6751e-07
4322.3, 5.6746e-07
4324.3, 5.6741e-07
4326.3, 5.6735e-07
4328.3, 5.673e-07
4330.3, 5.6725e-07
4332.3, 5.672e-07
4334.3, 5.6714e-07
4336.3, 5.6709e-07
4338.3, 5.6704e-07
4340.3, 5.6698e-07
4342.3, 5.6692e-07
4344.3, 5.6687e-07
4346.3, 5.6682e-07
4348.3, 5.6676e-07
4350.3, 5.667e-07
4352.3, 5.6664e-07
4354.3, 5.6659e-07
4356.4, 5.6654e-07
4358.4, 5.6648e-07
4360.4, 5.6643e-07
4362.4, 5.6637e-07
4364.4, 5.6631e-07
4366.4, 5.6626e-07
4368.4, 5.662e-07
4370.4, 5.6613e-07
4372.4, 5.6608e-07
4374.4, 5.6602e-07
4376.4, 5.6597e-07
4378.4, 5.6592e-07
4380.4, 5.6587e-07
4382.4, 5.6581e-07
4384.4, 5.6576e-07
4386.4, 5.657e-07
4388.4, 5.6565e-07
4390.4, 5.656e-07
4392.4, 5.6554e-07
4394.4, 5.6549e-07
4396.4, 5.6544e-07
4398.4, 5.6539e-07
4400.4, 5.6533e-07
4402.4, 5.6528e-07
4404.4, 5.6523e-07
4406.4, 5.6518e-07
4408.4, 5.6513e-07
4410.4, 5.6508e-07
4412.4, 5.6502e-07
4414.4, 5.6497e-07
4416.4, 5.6491e-07
4418.4, 5.6485e-07
4420.4, 5.648e-07
4422.4, 5.6474e-07
4424.4, 5.6468e-07
4426.4, 5.6463e-07
4428.4, 5.6458e-07
4430.4, 5.6452e-07
4432.4, 5.6447e-07
4434.4, 5.6442e-07
4436.4, 5.6437e-07
4438.4, 5.6431e-07
4440.4, 5.6426e-07
4442.4, 5.642e-07
4444.4, 5.6415e-07
4446.4, 5.6409e-07
4448.4, 5.6404e-07
4450.4, 5.6398e-07
4452.4, 5.6392e-07
4454.4, 5.6386e-07
4456.5, 5.638e-07
4458.5, 5.6375e-07
4460.5, 5.6369e-07
4462.5, 5.6364e-07
4464.5, 5.6358e-07
4466.5, 5.6352e-07
4468.5, 5.6346e-07
4470.5, 5.634e-07
4472.5, 5.6334e-07
4474.5, 5.6329e-07
4476.5, 5.6322e-07
4478.5, 5.6317e-07
4480.5, 5.6312e-07
4482.5, 5.6305e-07
4484.5, 5.63e-07
4486.5, 5.6294e-07
4488.5, 5.6288e-07
4490.5, 5.6282e-07
4492.5, 5.6277e-07
4494.5, 5.627e-07
4496.5, 5.6265e-07
4498.5, 5.626e-07
4500.5, 5.6255e-07
4502.5, 5.625e-07
4504.5, 5.6245e-07
4506.5, 5.624e-07
4508.5, 5.6234e-07
4510.5, 5.6228e-07
4512.5, 5.6223e-07
4514.5, 5.6219e-07
4516.5, 5.6214e-07
4518.5, 5.6209e-07
4520.5, 5.6203e-07
4522.5, 5.6198e-07
4524.5, 5.6193e-07
4526.5, 5.6188e-07
4528.5, 5.6182e-07
4530.5, 5.6176e-07
4532.5, 5.6171e-07
4534.5, 5.6165e-07
4536.5, 5.616e-07
4538.5, 5.6154e-07
4540.5, 5.6149e-07
4542.5, 5.6144e-07
4544.5, 5.6138e-07
4546.5, 5.6133e-07
4548.5, 5.6127e-07
4550.5, 5.6121e-07
4552.5, 5.6115e-07
4554.5, 5.6109e-07
4556.6, 5.6104e-07
4558.6, 5.6099e-07
4560.6, 5.6093e-07
4562.6, 5.6087e-07
4564.6, 5.6081e-07
4566.6, 5.6076e-07
4568.6, 5.6069e-07
4570.6, 5.6064e-07
4572.6, 5.6058e-07
4574.6, 5.6052e-07
4576.6, 5.6047e-07
4578.6, 5.6041e-07
4580.6, 5.6035e-07
4582.6, 5.603e-07
4584.6, 5.6025e-07
4586.6, 5.6019e-07
4588.6, 5.6014e-07
4590.6, 5.6009e-07
4592.6, 5.6003e-07
4594.6, 5.5999e-07
4596.6, 5.5994e-07
4598.6, 5.5988e-07
4600.6, 5.5983e-07
4602.6, 5.5977e-07
4604.6, 5.5971e-07
4606.6, 5.5966e-07
4608.6, 5.5961e-07
4610.6, 5.5955e-07
4612.6, 5.5949e-07
4614.6, 5.5943e-07
4616.6, 5.5937e-07
4618.6, 5.5931e-07
4620.6, 5.5925e-07
4622.6, 5.592e-07
4624.6, 5.5914e-07
4626.6, 5.5909e-07
4628.6, 5.5904e-07
4630.6, 5.5898e-07
4632.6, 5.5892e-07
4634.6, 5.5887e-07
4636.6, 5.5881e-07
4638.6, 5.5875e-07
4640.6, 5.587e-07
4642.6, 5.5864e-07
4644.6, 5.5859e-07
4646.6, 5.5854e-07
4648.6, 5.5848e-07
4650.6, 5.5842e-07
4652.6, 5.5837e-07
4654.6, 5.5831e-07
4656.7, 5.5827e-07
4658.7, 5.5822e-07
4660.7, 5.5817e-07
4662.7, 5.5812e-07
4664.7, 5.5807e-07
4666.7, 5.5801e-07
4668.7, 5.5796e-07
4670.7, 5.579e-07
4672.7, 5.5784e-07
4674.7, 5.5779e-07
4676.7, 5.5773e-07
4678.7, 5.5768e-07
4680.7, 5.5763e-07
4682.7, 5.5757e-07
4684.7, 5.575e-07
4686.7, 5.5745e-07
4688.7, 5.5739e-07
4690.7, 5.5733e-07
4692.7, 5.5728e-07
4694.7, 5.5722e-07
4696.7, 5.5716e-07
4698.7, 5.5711e-07
4700.7, 5.5706e-07
4702.7, 5.57e-07
4704.7, 5.5694e-07
4706.7, 5.5688e-07
4708.7, 5.5682e-07
4710.7, 5.5676e-07
4712.7, 5.5669e-07
4714.7, 5.5663e-07
4716.7, 5.5657e-07
4718.7, 5.565e-07
4720.7, 5.5644e-07
4722.7, 5.5637e-07
4724.7, 5.5631e-07
4726.7, 5.5624e-07
4728.7, 5.5618e-07
4730.7, 5.5612e-07
4732.7, 5.5606e-07
4734.7, 5.5601e-07
4736.7, 5.5595e-07
4738.7, 5.559e-07
4740.7, 5.5584e-07
4742.7, 5.5579e-07
4744.7, 5.5573e-07
4746.7, 5.5568e-07
4748.7, 5.5562e-07
4750.7, 5.5557e-07
4752.7, 5.5551e-07
4754.7, 5.5545e-07
4756.8, 5.5539e-07
4758.8, 5.5533e-07
4760.8, 5.5527e-07
4762.8, 5.552e-07
4764.8, 5.5514e-07
4766.8, 5.5508e-07
4768.8, 5.5502e-07
4770.8, 5.5496e-07
4772.8, 5.549e-07
4774.8, 5.5485e-07
4776.8, 5.5479e-07
4778.8, 5.5474e-07
4780.8, 5.5468e-07
4782.8, 5.5463e-07
4784.8, 5.5458e-07
4786.8, 5.5452e-07
4788.8, 5.5447e-07
4790.8, 5.5441e-07
4792.8, 5.5436e-07
4794.8, 5.543e-07
4796.8, 5.5425e-07
4798.8, 5.5419e-07
4800.8, 5.5414e-07
4802.8, 5.5408e-07
4804.8, 5.5404e-07
4806.8, 5.5398e-07
4808.8, 5.5392e-07
4810.8, 5.5387e-07
4812.8, 5.5382e-07
4814.8, 5.5376e-07
4816.8, 5.5371e-07
4818.8, 5.5365e-07
4820.8, 5.5359e-07
4822.8, 5.5353e-07
4824.8, 5.5347e-07
4826.8, 5.534e-07
4828.8, 5.5335e-07
4830.8, 5.5329e-07
4832.8, 5.5324e-07
4834.8, 5.5319e-07
4836.8, 5.5313e-07
4838.8, 5.5308e-07
4840.8, 5.5303e-07
4842.8, 5.5299e-07
4844.8, 5.5293e-07
4846.8, 5.5288e-07
4848.8, 5.5283e-07
4850.8, 5.5278e-07
4852.8, 5.5273e-07
4854.8, 5.5268e-07
4856.9, 5.5262e-07
4858.9, 5.5257e-07
4860.9, 5.5252e-07
4862.9, 5.5247e-07
4864.9, 5.5242e-07
4866.9, 5.5238e-07
4868.9, 5.5233e-07
4870.9, 5.5227e-07
4872.9, 5.5222e-07
4874.9, 5.5216e-07
4876.9, 5.521e-07
4878.9, 5.5204e-07
4880.9, 5.5198e-07
4882.9, 5.5192e-07
4884.9, 5.5187e-07
4886.9, 5.5182e-07
4888.9, 5.5177e-07
4890.9, 5.5172e-07
4892.9, 5.5165e-07
4894.9, 5.516e-07
4896.9, 5.5155e-07
4898.9, 5.515e-07
4900.9, 5.5144e-07
4902.9, 5.5139e-07
4904.9, 5.5134e-07
4906.9, 5.5129e-07
4908.9, 5.5124e-07
4910.9, 5.5118e-07
4912.9, 5.5113e-07
4914.9, 5.5108e-07
4916.9, 5.5103e-07
4918.9, 5.5097e-07
4920.9, 5.5092e-07
4922.9, 5.5087e-07
4924.9, 5.5082e-07
4926.9, 5.5078e-07
4928.9, 5.5073e-07
4930.9, 5.5069e-07
4932.9, 5.5064e-07
4934.9, 5.5059e-07
4936.9, 5.5055e-07
4938.9, 5.5049e-07
4940.9, 5.5044e-07
4942.9, 5.5039e-07
4944.9, 5.5034e-07
4946.9, 5.503e-07
4948.9, 5.5025e-07
4950.9, 5.5021e-07
4952.9, 5.5016e-07
4954.9, 5.5011e-07
4957.0, 5.5006e-07
4959.0, 5.5001e-07
4961.0, 5.4996e-07
4963.0, 5.4991e-07
4965.0, 5.4986e-07
4967.0, 5.4982e-07
4969.0, 5.4976e-07
4971.0, 5.4971e-07
4973.0, 5.4966e-07
4975.0, 5.496e-07
4977.0, 5.4954e-07
4979.0, 5.4949e-07
4981.0, 5.4943e-07
4983.0, 5.4938e-07
4985.0, 5.4933e-07
4987.0, 5.4928e-07
4989.0, 5.4923e-07
4991.0, 5.4918e-07
4993.0, 5.4913e-07
4995.0, 5.4909e-07
4997.0, 5.4904e-07
4999.0, 5.4898e-07
5001.0, 5.4892e-07
5003.0, 5.4886e-07
5005.0, 5.4881e-07
5007.0, 5.4875e-07
5009.0, 5.487e-07
5011.0, 5.4864e-07
5013.0, 5.4858e-07
5015.0, 5.4853e-07
5017.0, 5.4848e-07
5019.0, 5.4842e-07
5021.0, 5.4838e-07
5023.0, 5.4833e-07
5025.0, 5.4828e-07
5027.0, 5.4823e-07
5029.0, 5.4818e-07
5031.0, 5.4813e-07
5033.0, 5.4807e-07
5035.0, 5.4802e-07
5037.0, 5.4796e-07
5039.0, 5.4791e-07
5041.0, 5.4786e-07
5043.0, 5.4781e-07
5045.0, 5.4775e-07
5047.0, 5.477e-07
5049.0, 5.4765e-07
5051.0, 5.4759e-07
5053.0, 5.4754e-07
5055.0, 5.4748e-07
5057.1, 5.4743e-07
5059.1, 5.4737e-07
5061.1, 5.4732e-07
5063.1, 5.4727e-07
5065.1, 5.4721e-07
5067.1, 5.4716e-07
5069.1, 5.4711e-07
5071.1, 5.4706e-07
5073.1, 5.47e-07
5075.1, 5.4695e-07
5077.1, 5.4689e-07
5079.1, 5.4684e-07
5081.1, 5.4679e-07
5083.1, 5.4674e-07
5085.1, 5.4669e-07
5087.1, 5.4664e-07
5089.1, 5.4659e-07
5091.1, 5.4654e-07
5093.1, 5.4648e-07
5095.1, 5.4643e-07
5097.1, 5.4637e-07
5099.1, 5.4632e-07
5101.1, 5.4625e-07
5103.1, 5.462e-07
5105.1, 5.4615e-07
5107.1, 5.4609e-07
5109.1, 5.4604e-07
5111.1, 5.4599e-07
5113.1, 5.4593e-07
5115.1, 5.4588e-07
5117.1, 5.4583e-07
5119.1, 5.4578e-07
5121.1, 5.4573e-07
5123.1, 5.4568e-07
5125.1, 5.4562e-07
5127.1, 5.4557e-07
5129.1, 5.4552e-07
5131.1, 5.4546e-07
5133.1, 5.4541e-07
5135.1, 5.4536e-07
5137.1, 5.4531e-07
5139.1, 5.4525e-07
5141.1, 5.4519e-07
5143.1, 5.4513e-07
5145.1, 5.4508e-07
5147.1, 5.4503e-07
5149.1, 5.4497e-07
5151.1, 5.4491e-07
5153.1, 5.4485e-07
5155.1, 5.4479e-07
5157.2, 5.4474e-07
5159.2, 5.4468e-07
5161.2, 5.4463e-07
5163.2, 5.4457e-07
5165.2, 5.4451e-07
5167.2, 5.4446e-07
5169.2, 5.444e-07
5171.2, 5.4434e-07
5173.2, 5.4427e-07
5175.2, 5.4421e-07
5177.2, 5.4415e-07
5179.2, 5.4409e-07
5181.2, 5.4404e-07
5183.2, 5.4398e-07
5185.2, 5.4392e-07
5187.2, 5.4387e-07
5189.2, 5.4382e-07
5191.2, 5.4376e-07
5193.2, 5.4371e-07
5195.2, 5.4366e-07
5197.2, 5.436e-07
5199.2, 5.4355e-07
5201.2, 5.4349e-07
5203.2, 5.4343e-07
5205.2, 5.4338e-07
5207.2, 5.4332e-07
5209.2, 5.4327e-07
5211.2, 5.4321e-07
5213.2, 5.4315e-07
5215.2, 5.4309e-07
5217.2, 5.4304e-07
5219.2, 5.4297e-07
5221.2, 5.4292e-07
5223.2, 5.4286e-07
5225.2, 5.428e-07
5227.2, 5.4275e-07
5229.2, 5.4269e-07
5231.2, 5.4308e-07
5233.2, 5.4366e-07
5235.2, 5.4417e-07
5237.2, 5.4474e-07
5239.2, 5.453e-07
5241.2, 5.4586e-07
5243.2, 5.4644e-07
5245.2, 5.4705e-07
5247.2, 5.476e-07
5249.2, 5.4821e-07
5251.2, 5.4885e-07
5253.2, 5.4946e-07
5255.2, 5.5002e-07
5257.3, 5.506e-07
5259.3, 5.5114e-07
5261.3, 5.5167e-07
5263.3, 5.5226e-07
5265.3, 5.5285e-07
5267.3, 5.5346e-07
5269.3, 5.5403e-07
5271.3, 5.546e-07
5273.3, 5.5522e-07
5275.3, 5.5579e-07
5277.3, 5.5641e-07
5279.3, 5.5704e-07
5281.3, 5.5763e-07
5283.3, 5.5824e-07
5285.3, 5.5884e-07
5287.3, 5.5949e-07
5289.3, 5.601e-07
5291.3, 5.607e-07
5293.3, 5.613e-07
5295.3, 5.6189e-07
5297.3, 5.625e-07
5299.3, 5.631e-07
5301.3, 5.6371e-07
5303.3, 5.6432e-07
5305.3, 5.6494e-07
5307.3, 5.6552e-07
5309.3, 5.661e-07
5311.3, 5.6676e-07
5313.3, 5.6734e-07
5315.3, 5.6793e-07
5317.3, 5.6846e-07
5319.3, 5.6904e-07
5321.3, 5.6963e-07
5323.3, 5.7022e-07
5325.3, 5.7083e-07
5327.3, 5.7142e-07
5329.3, 5.7203e-07
5331.3, 5.7265e-07
5333.3, 5.7325e-07
5335.3, 5.7387e-07
5337.3, 5.745e-07
5339.3, 5.752e-07
5341.3, 5.7588e-07
5343.3, 5.7649e-07
5345.3, 5.7712e-07
5347.3, 5.7775e-07
5349.3, 5.7839e-07
5351.3, 5.7897e-07
5353.3, 5.7955e-07
5355.3, 5.8016e-07
5357.4, 5.8073e-07
5359.4, 5.8132e-07
5361.4, 5.8194e-07
5363.4, 5.8256e-07
5365.4, 5.8316e-07
5367.4, 5.8374e-07
5369.4, 5.8432e-07
5371.4, 5.8491e-07
5373.4, 5.855e-07
5375.4, 5.8613e-07
5377.4, 5.868e-07
5379.4, 5.8745e-07
5381.4, 5.8809e-07
5383.4, 5.8872e-07
5385.4, 5.8937e-07
5387.4, 5.9001e-07
5389.4, 5.9064e-07
5391.4, 5.9125e-07
5393.4, 5.9182e-07
5395.4, 5.9242e-07
5397.4, 5.9301e-07
5399.4, 5.9364e-07
5401.4, 5.9426e-07
5403.4, 5.9486e-07
5405.4, 5.9547e-07
5407.4, 5.9612e-07
5409.4, 5.9673e-07
5411.4, 5.9735e-07
5413.4, 5.98e-07
5415.4, 5.9865e-07
5417.4, 5.9926e-07
5419.4, 5.9988e-07
5421.4, 6.005e-07
5423.4, 6.0114e-07
5425.4, 6.0178e-07
5427.4, 6.0241e-07
5429.4, 6.0301e-07
5431.4, 6.0358e-07
5433.4, 6.0418e-07
5435.4, 6.048e-07
5437.4, 6.0541e-07
5439.4, 6.0604e-07
5441.4, 6.0667e-07
5443.4, 6.0727e-07
5445.4, 6.0788e-07
5447.4, 6.0854e-07
5449.4, 6.0917e-07
5451.4, 6.0979e-07
5453.4, 6.104e-07
5455.4, 6.1101e-07
5457.5, 6.1171e-07
5459.5, 6.1239e-07
5461.5, 6.1303e-07
5463.5, 6.1363e-07
5465.5, 6.1425e-07
5467.5, 6.149e-07
5469.5, 6.155e-07
5471.5, 6.1616e-07
5473.5, 6.1678e-07
5475.5, 6.1742e-07
5477.5, 6.1806e-07
5479.5, 6.1863e-07
5481.5, 6.1926e-07
5483.5, 6.199e-07
5485.5, 6.2055e-07
5487.5, 6.2117e-07
5489.5, 6.218e-07
5491.5, 6.2243e-07
5493.5, 6.2303e-07
5495.5, 6.2371e-07
5497.5, 6.2436e-07
5499.5, 6.2501e-07
5501.5, 6.2559e-07
5503.5, 6.262e-07
5505.5, 6.2681e-07
5507.5, 6.2745e-07
5509.5, 6.2811e-07
5511.5, 6.2875e-07
5513.5, 6.2943e-07
5515.5, 6.301e-07
5517.5, 6.3073e-07
5519.5, 6.3136e-07
5521.5, 6.3199e-07
5523.5, 6.3263e-07
5525.5, 6.3328e-07
5527.5, 6.3396e-07
5529.5, 6.3463e-07
5531.5, 6.3529e-07
5533.5, 6.3591e-07
5535.5, 6.3655e-07
5537.5, 6.3714e-07
5539.5, 6.3778e-07
5541.5, 6.3841e-07
5543.5, 6.3904e-07
5545.5, 6.3971e-07
5547.5, 6.4032e-07
5549.5, 6.4094e-07
5551.5, 6.4157e-07
5553.5, 6.4222e-07
5555.5, 6.4286e-07
5557.6, 6.4351e-07
5559.6, 6.4417e-07
5561.6, 6.4476e-07
5563.6, 6.4541e-07
5565.6, 6.4603e-07
5567.6, 6.4669e-07
5569.6, 6.4732e-07
5571.6, 6.4796e-07
5573.6, 6.486e-07
5575.6, 6.4923e-07
5577.6, 6.499e-07
5579.6, 6.5061e-07
5581.6, 6.5127e-07
5583.6, 6.5192e-07
5585.6, 6.5258e-07
5587.6, 6.5321e-07
5589.6, 6.5389e-07
5591.6, 6.5454e-07
5593.6, 6.5524e-07
5595.6, 6.5589e-07
5597.6, 6.5651e-07
5599.6, 6.5714e-07
5601.6, 6.5778e-07
5603.6, 6.5841e-07
5605.6, 6.5907e-07
5607.6, 6.5968e-07
5609.6, 6.6033e-07
5611.6, 6.6104e-07
5613.6, 6.6173e-07
5615.6, 6.6231e-07
5617.6, 6.629e-07
5619.6, 6.6354e-07
5621.6, 6.6415e-07
5623.6, 6.6477e-07
5625.6, 6.6541e-07
5627.6, 6.6607e-07
5629.6, 6.6669e-07
5631.6, 6.6729e-07
5633.6, 6.6794e-07
5635.6, 6.6855e-07
5637.6, 6.6919e-07
5639.6, 6.6982e-07
5641.6, 6.7046e-07
5643.6, 6.7114e-07
5645.6, 6.7183e-07
5647.6, 6.7255e-07
5649.6, 6.7321e-07
5651.6, 6.7383e-07
5653.6, 6.7447e-07
5655.6, 6.7513e-07
5657.7, 6.758e-07
5659.7, 6.7643e-07
5661.7, 6.7707e-07
5663.7, 6.7765e-07
5665.7, 6.7824e-07
5667.7, 6.7895e-07
5669.7, 6.7966e-07
5671.7, 6.8031e-07
5673.7, 6.8094e-07
5675.7, 6.8155e-07
5677.7, 6.8217e-07
5679.7, 6.829e-07
5681.7, 6.8361e-07
5683.7, 6.8425e-07
5685.7, 6.849e-07
5687.7, 6.855e-07
5689.7, 6.8611e-07
5691.7, 6.8681e-07
5693.7, 6.8742e-07
5695.7, 6.8806e-07
5697.7, 6.8869e-07
5699.7, 6.8929e-07
5701.7, 6.8998e-07
5703.7, 6.9065e-07
5705.7, 6.9132e-07
5707.7, 6.92e-07
5709.7, 6.9264e-07
5711.7, 6.9333e-07
5713.7, 6.9397e-07
5715.7, 6.9457e-07
5717.7, 6.9523e-07
5719.7, 6.9584e-07
5721.7, 6.9647e-07
5723.7, 6.971e-07
5725.7, 6.9775e-07
5727.7, 6.9838e-07
5729.7, 6.9899e-07
5731.7, 6.9963e-07
5733.7, 7.0032e-07
5735.7, 7.0099e-07
5737.7, 7.0163e-07
5739.7, 7.0225e-07
5741.7, 7.029e-07
5743.7, 7.0353e-07
5745.7, 7.0419e-07
5747.7, 7.0489e-07
5749.7, 7.0554e-07
5751.7, 7.062e-07
5753.7, 7.0686e-07
5755.7, 7.0749e-07
5757.8, 7.0813e-07
5759.8, 7.0877e-07
5761.8, 7.0942e-07
5763.8, 7.1007e-07
5765.8, 7.1067e-07
5767.8, 7.1132e-07
5769.8, 7.1204e-07
5771.8, 7.1271e-07
5773.8, 7.1336e-07
5775.8, 7.1398e-07
5777.8, 7.1463e-07
5779.8, 7.1527e-07
5781.8, 7.1591e-07
5783.8, 7.1656e-07
5785.8, 7.1721e-07
5787.8, 7.1787e-07
5789.8, 7.185e-07
5791.8, 7.1915e-07
5793.8, 7.198e-07
5795.8, 7.2047e-07
5797.8, 7.2116e-07
5799.8, 7.2184e-07
5801.8, 7.225e-07
5803.8, 7.2316e-07
5805.8, 7.238e-07
5807.8, 7.2448e-07
5809.8, 7.251e-07
5811.8, 7.2574e-07
5813.8, 7.2643e-07
5815.8, 7.2704e-07
5817.8, 7.2772e-07
5819.8, 7.284e-07
5821.8, 7.2907e-07
5823.8, 7.2971e-07
5825.8, 7.3039e-07
5827.8, 7.3103e-07
5829.8, 7.317e-07
5831.8, 7.3233e-07
5833.8, 7.3295e-07
5835.8, 7.3363e-07
5837.8, 7.3429e-07
5839.8, 7.349e-07
5841.8, 7.3558e-07
5843.8, 7.3622e-07
5845.8, 7.3688e-07
5847.8, 7.3756e-07
5849.8, 7.3826e-07
5851.8, 7.3889e-07
5853.8, 7.396e-07
5855.8, 7.4026e-07
5857.9, 7.4091e-07
5859.9, 7.4154e-07
5861.9, 7.4216e-07
5863.9, 7.4281e-07
5865.9, 7.4341e-07
5867.9, 7.4405e-07
5869.9, 7.4464e-07
5871.9, 7.4526e-07
5873.9, 7.4588e-07
5875.9, 7.4655e-07
5877.9, 7.4719e-07
5879.9, 7.4781e-07
5881.9, 7.4847e-07
5883.9, 7.4917e-07
5885.9, 7.4983e-07
5887.9, 7.5045e-07
5889.9, 7.5107e-07
5891.9, 7.5171e-07
5893.9, 7.524e-07
5895.9, 7.5305e-07
5897.9, 7.5369e-07
5899.9, 7.5435e-07
5901.9, 7.5498e-07
5903.9, 7.5563e-07
5905.9, 7.5624e-07
5907.9, 7.569e-07
5909.9, 7.576e-07
5911.9, 7.5826e-07
5913.9, 7.5891e-07
5915.9, 7.5953e-07
5917.9, 7.6016e-07
5919.9, 7.6086e-07
5921.9, 7.6156e-07
5923.9, 7.623e-07
5925.9, 7.6295e-07
5927.9, 7.6357e-07
5929.9, 7.6417e-07
5931.9, 7.6483e-07
5933.9, 7.6552e-07
5935.9, 7.6616e-07
5937.9, 7.6677e-07
5939.9, 7.6741e-07
5941.9, 7.6808e-07
5943.9, 7.688e-07
5945.9, 7.6947e-07
5947.9, 7.7014e-07
5949.9, 7.7081e-07
5951.9, 7.7142e-07
5953.9, 7.7206e-07
5955.9, 7.7274e-07
5958.0, 7.7337e-07
5960.0, 7.7402e-07
5962.0, 7.7465e-07
5964.0, 7.7532e-07
5966.0, 7.76e-07
5968.0, 7.767e-07
5970.0, 7.7737e-07
5972.0, 7.7804e-07
5974.0, 7.7877e-07
5976.0, 7.7946e-07
5978.0, 7.8011e-07
5980.0, 7.807e-07
5982.0, 7.8137e-07
5984.0, 7.8202e-07
5986.0, 7.8271e-07
5988.0, 7.8339e-07
5990.0, 7.8407e-07
5992.0, 7.8471e-07
5994.0, 7.8535e-07
5996.0, 7.8601e-07
5998.0, 7.8664e-07
6000.0, 7.873e-07
6002.0, 7.8789e-07
6004.0, 7.885e-07
6006.0, 7.8914e-07
6008.0, 7.898e-07
6010.0, 7.9049e-07
6012.0, 7.9112e-07
6014.0, 7.9172e-07
6016.0, 7.9237e-07
6018.0, 7.9308e-07
6020.0, 7.9367e-07
6022.0, 7.9433e-07
6024.0, 7.9493e-07
6026.0, 7.9557e-07
6028.0, 7.962e-07
6030.0, 7.9686e-07
6032.0, 7.9751e-07
6034.0, 7.9822e-07
6036.0, 7.9889e-07
6038.0, 7.9955e-07
6040.0, 8.0025e-07
6042.0, 8.0093e-07
6044.0, 8.0158e-07
6046.0, 8.0223e-07
6048.0, 8.0292e-07
6050.0, 8.0358e-07
6052.0, 8.0422e-07
6054.0, 8.049e-07
6056.0, 8.056e-07
6058.1, 8.0625e-07
6060.1, 8.0692e-07
6062.1, 8.0757e-07
6064.1, 8.0822e-07
6066.1, 8.0886e-07
6068.1, 8.095e-07
6070.1, 8.1016e-07
6072.1, 8.1081e-07
6074.1, 8.1152e-07
6076.1, 8.1219e-07
6078.1, 8.1288e-07
6080.1, 8.1355e-07
6082.1, 8.1419e-07
6084.1, 8.1488e-07
6086.1, 8.1556e-07
6088.1, 8.1623e-07
6090.1, 8.169e-07
6092.1, 8.1753e-07
6094.1, 8.1819e-07
6096.1, 8.1887e-07
6098.1, 8.1951e-07
6100.1, 8.2015e-07
6102.1, 8.2079e-07
6104.1, 8.2144e-07
6106.1, 8.2206e-07
6108.1, 8.2265e-07
6110.1, 8.2328e-07
6112.1, 8.2391e-07
6114.1, 8.2455e-07
6116.1, 8.2516e-07
6118.1, 8.2576e-07
6120.1, 8.2645e-07
6122.1, 8.2716e-07
6124.1, 8.2786e-07
6126.1, 8.2855e-07
6128.1, 8.2923e-07
6130.1, 8.299e-07
6132.1, 8.3058e-07
6134.1, 8.3125e-07
6136.1, 8.3195e-07
6138.1, 8.3258e-07
6140.1, 8.3325e-07
6142.1, 8.3393e-07
6144.1, 8.3464e-07
6146.1, 8.3531e-07
6148.1, 8.3593e-07
6150.1, 8.3657e-07
6152.1, 8.3726e-07
6154.1, 8.3798e-07
6156.1, 8.3865e-07
6158.2, 8.3931e-07
6160.2, 8.3998e-07
6162.2, 8.4058e-07
6164.2, 8.4128e-07
6166.2, 8.4196e-07
6168.2, 8.426e-07
6170.2, 8.4328e-07
6172.2, 8.4395e-07
6174.2, 8.4457e-07
6176.2, 8.4524e-07
6178.2, 8.4589e-07
6180.2, 8.4655e-07
6182.2, 8.4721e-07
6184.2, 8.4786e-07
6186.2, 8.4847e-07
6188.2, 8.4915e-07
6190.2, 8.4981e-07
6192.2, 8.5047e-07
6194.2, 8.5114e-07
6196.2, 8.518e-07
6198.2, 8.5245e-07
6200.2, 8.5315e-07
6202.2, 8.5385e-07
6204.2, 8.5456e-07
6206.2, 8.5523e-07
6208.2, 8.5588e-07
6210.2, 8.5656e-07
6212.2, 8.5718e-07
6214.2, 8.5786e-07
6216.2, 8.5855e-07
6218.2, 8.592e-07
6220.2, 8.5986e-07
6222.2, 8.605e-07
6224.2, 8.6116e-07
6226.2, 8.6187e-07
6228.2, 8.6252e-07
6230.2, 8.6318e-07
6232.2, 8.6337e-07
6234.2, 8.6331e-07
6236.2, 8.6325e-07
6238.2, 8.6319e-07
6240.2, 8.6313e-07
6242.2, 8.6307e-07
6244.2, 8.63e-07
6246.2, 8.6294e-07
6248.2, 8.6287e-07
6250.2, 8.6281e-07
6252.2, 8.6274e-07
6254.2, 8.6269e-07
6256.2, 8.6263e-07
6258.3, 8.6257e-07
6260.3, 8.6252e-07
6262.3, 8.6246e-07
6264.3, 8.6241e-07
6266.3, 8.6235e-07
6268.3, 8.623e-07
6270.3, 8.6224e-07
6272.3, 8.6218e-07
6274.3, 8.6211e-07
6276.3, 8.6205e-07
6278.3, 8.6198e-07
6280.3, 8.6192e-07
6282.3, 8.6186e-07
6284.3, 8.618e-07
6286.3, 8.6173e-07
6288.3, 8.6167e-07
6290.3, 8.6161e-07
6292.3, 8.6154e-07
6294.3, 8.6148e-07
6296.3, 8.6141e-07
6298.3, 8.6135e-07
6300.3, 8.6128e-07
6302.3, 8.6122e-07
6304.3, 8.6115e-07
6306.3, 8.6109e-07
6308.3, 8.6103e-07
6310.3, 8.6097e-07
6312.3, 8.6091e-07
6314.3, 8.6084e-07
6316.3, 8.6078e-07
6318.3, 8.6071e-07
6320.3, 8.6065e-07
6322.3, 8.6059e-07
6324.3, 8.6053e-07
6326.3, 8.6047e-07
6328.3, 8.6041e-07
6330.3, 8.6035e-07
6332.3, 8.6029e-07
6334.3, 8.6024e-07
6336.3, 8.6018e-07
6338.3, 8.6013e-07
6340.3, 8.6007e-07
6342.3, 8.6001e-07
6344.3, 8.5995e-07
6346.3, 8.599e-07
6348.3, 8.5984e-07
6350.3, 8.5979e-07
6352.3, 8.5973e-07
6354.3, 8.5968e-07
6356.3, 8.5961e-07
6358.4, 8.5955e-07
6360.4, 8.595e-07
6362.4, 8.5944e-07
6364.4, 8.5938e-07
6366.4, 8.5932e-07
6368.4, 8.5926e-07
6370.4, 8.5921e-07
6372.4, 8.5916e-07
6374.4, 8.591e-07
6376.4, 8.5905e-07
6378.4, 8.5899e-07
6380.4, 8.5894e-07
6382.4, 8.5888e-07
6384.4, 8.5883e-07
6386.4, 8.5878e-07
6388.4, 8.5873e-07
6390.4, 8.5868e-07
6392.4, 8.5862e-07
6394.4, 8.5857e-07
6396.4, 8.5851e-07
6398.4, 8.5846e-07
6400.4, 8.5841e-07
6402.4, 8.5835e-07
6404.4, 8.583e-07
6406.4, 8.5824e-07
6408.4, 8.5818e-07
6410.4, 8.5813e-07
6412.4, 8.5808e-07
6414.4, 8.5803e-07
6416.4, 8.5798e-07
6418.4, 8.5793e-07
6420.4, 8.5787e-07
6422.4, 8.5781e-07
6424.4, 8.5776e-07
6426.4, 8.577e-07
6428.4, 8.5765e-07
6430.4, 8.5759e-07
6432.4, 8.5753e-07
6434.4, 8.5748e-07
6436.4, 8.5743e-07
6438.4, 8.5737e-07
6440.4, 8.5731e-07
6442.4, 8.5726e-07
6444.4, 8.5721e-07
6446.4, 8.5715e-07
6448.4, 8.571e-07
6450.4, 8.5705e-07
6452.4, 8.5699e-07
6454.4, 8.5694e-07
6456.4, 8.5688e-07
6458.5, 8.5683e-07
6460.5, 8.5677e-07
6462.5, 8.5672e-07
6464.5, 8.5666e-07
6466.5, 8.566e-07
6468.5, 8.5655e-07
6470.5, 8.5649e-07
6472.5, 8.5643e-07
6474.5, 8.5638e-07
6476.5, 8.5632e-07
6478.5, 8.5627e-07
6480.5, 8.5621e-07
6482.5, 8.5616e-07
6484.5, 8.5611e-07
6486.5, 8.5605e-07
6488.5, 8.56e-07
6490.5, 8.5595e-07
6492.5, 8.559e-07
6494.5, 8.5584e-07
6496.5, 8.5579e-07
6498.5, 8.5574e-07
6500.5, 8.5569e-07
6502.5, 8.5564e-07
6504.5, 8.5558e-07
6506.5, 8.5552e-07
6508.5, 8.5546e-07
6510.5, 8.554e-07
6512.5, 8.5535e-07
6514.5, 8.5529e-07
6516.5, 8.5524e-07
6518.5, 8.5518e-07
6520.5, 8.5513e-07
6522.5, 8.5507e-07
6524.5, 8.5502e-07
6526.5, 8.5496e-07
6528.5, 8.549e-07
6530.5, 8.5485e-07
6532.5, 8.5479e-07
6534.5, 8.5473e-07
6536.5, 8.5468e-07
6538.5, 8.5463e-07
6540.5, 8.5457e-07
6542.5, 8.5451e-07
6544.5, 8.5446e-07
6546.5, 8.5441e-07
6548.5, 8.5435e-07
6550.5, 8.543e-07
6552.5, 8.5425e-07
6554.5, 8.5419e-07
6556.5, 8.5415e-07
6558.6, 8.5409e-07
6560.6, 8.5404e-07
6562.6, 8.5398e-07
6564.6, 8.5392e-07
6566.6, 8.5387e-07
6568.6, 8.5381e-07
6570.6, 8.5375e-07
6572.6, 8.5369e-07
6574.6, 8.5364e-07
6576.6, 8.5359e-07
6578.6, 8.5354e-07
6580.6, 8.5349e-07
6582.6, 8.5344e-07
6584.6, 8.5339e-07
6586.6, 8.5334e-07
6588.6, 8.5329e-07
6590.6, 8.5324e-07
6592.6, 8.5319e-07
6594.6, 8.5314e-07
6596.6, 8.5309e-07
6598.6, 8.5304e-07
6600.6, 8.5298e-07
6602.6, 8.5293e-07
6604.6, 8.5287e-07
6606.6, 8.5282e-07
6608.6, 8.5277e-07
6610.6, 8.5272e-07
6612.6, 8.5267e-07
6614.6, 8.5261e-07
6616.6, 8.5256e-07
6618.6, 8.5249e-07
6620.6, 8.5243e-07
6622.6, 8.5238e-07
6624.6, 8.5231e-07
6626.6, 8.5226e-07
6628.6, 8.522e-07
6630.6, 8.5215e-07
6632.6, 8.521e-07
6634.6, 8.5204e-07
6636.6, 8.5199e-07
6638.6, 8.5195e-07
6640.6, 8.5189e-07
6642.6, 8.5183e-07
6644.6, 8.5178e-07
6646.6, 8.5173e-07
6648.6, 8.5168e-07
6650.6, 8.5162e-07
6652.6, 8.5157e-07
6654.6, 8.5151e-07
6656.6, 8.5146e-07
6658.7, 8.5141e-07
6660.7, 8.5135e-07
6662.7, 8.5129e-07
6664.7, 8.5124e-07
6666.7, 8.5119e-07
6668.7, 8.5113e-07
6670.7, 8.5108e-07
6672.7, 8.5102e-07
6674.7, 8.5096e-07
6676.7, 8.5091e-07
6678.7, 8.5085e-07
6680.7, 8.508e-07
6682.7, 8.5075e-07
6684.7, 8.5069e-07
6686.7, 8.5064e-07
6688.7, 8.5059e-07
6690.7, 8.5054e-07
6692.7, 8.5048e-07
6694.7, 8.5043e-07
6696.7, 8.5038e-07
6698.7, 8.5033e-07
6700.7, 8.5027e-07
6702.7, 8.5022e-07
6704.7, 8.5017e-07
6706.7, 8.5012e-07
6708.7, 8.5007e-07
6710.7, 8.5002e-07
6712.7, 8.4996e-07
6714.7, 8.4991e-07
6716.7, 8.4985e-07
6718.7, 8.498e-07
6720.7, 8.4974e-07
6722.7, 8.4969e-07
6724.7, 8.4964e-07
6726.7, 8.4958e-07
6728.7, 8.4952e-07
6730.7, 8.4947e-07
6732.7, 8.4941e-07
6734.7, 8.4935e-07
6736.7, 8.4929e-07
6738.7, 8.4923e-07
6740.7, 8.4917e-07
6742.7, 8.4912e-07
6744.7, 8.4907e-07
6746.7, 8.4902e-07
6748.7, 8.4896e-07
6750.7, 8.489e-07
6752.7, 8.4885e-07
6754.7, 8.4879e-07
6756.7, 8.4873e-07
6758.8, 8.4867e-07
6760.8, 8.4862e-07
6762.8, 8.4856e-07
6764.8, 8.4851e-07
6766.8, 8.4846e-07
6768.8, 8.4841e-07
6770.8, 8.4835e-07
6772.8, 8.483e-07
6774.8, 8.4824e-07
6776.8, 8.482e-07
6778.8, 8.4815e-07
6780.8, 8.4809e-07
6782.8, 8.4804e-07
6784.8, 8.4798e-07
6786.8, 8.4793e-07
6788.8, 8.4788e-07
6790.8, 8.4783e-07
6792.8, 8.4777e-07
6794.8, 8.4771e-07
6796.8, 8.4765e-07
6798.8, 8.476e-07
6800.8, 8.4754e-07
6802.8, 8.4749e-07
6804.8, 8.4744e-07
6806.8, 8.4738e-07
6808.8, 8.4733e-07
6810.8, 8.4727e-07
6812.8, 8.4721e-07
6814.8, 8.4715e-07
6816.8, 8.4709e-07
6818.8, 8.4704e-07
6820.8, 8.4698e-07
6822.8, 8.4692e-07
6824.8, 8.4686e-07
6826.8, 8.468e-07
6828.8, 8.4674e-07
6830.8, 8.4669e-07
6832.8, 8.4664e-07
6834.8, 8.4659e-07
6836.8, 8.4653e-07
6838.8, 8.4647e-07
6840.8, 8.4641e-07
6842.8, 8.4636e-07
6844.8, 8.463e-07
6846.8, 8.4625e-07
6848.8, 8.4619e-07
6850.8, 8.4613e-07
6852.8, 8.4607e-07
6854.8, 8.4601e-07
6856.8, 8.4595e-07
6858.9, 8.4589e-07
6860.9, 8.4583e-07
6862.9, 8.4577e-07
6864.9, 8.4571e-07
6866.9, 8.4565e-07
6868.9, 8.456e-07
6870.9, 8.4555e-07
6872.9, 8.4549e-07
6874.9, 8.4544e-07
6876.9, 8.4538e-07
6878.9, 8.4532e-07
6880.9, 8.4526e-07
6882.9, 8.452e-07
6884.9, 8.4514e-07
6886.9, 8.4508e-07
6888.9, 8.4502e-07
6890.9, 8.4496e-07
6892.9, 8.449e-07
6894.9, 8.4484e-07
6896.9, 8.4479e-07
6898.9, 8.4473e-07
6900.9, 8.4467e-07
6902.9, 8.4461e-07
6904.9, 8.4455e-07
6906.9, 8.445e-07
6908.9, 8.4444e-07
6910.9, 8.4438e-07
6912.9, 8.4432e-07
6914.9, 8.4426e-07
6916.9, 8.442e-07
6918.9, 8.4415e-07
6920.9, 8.4409e-07
6922.9, 8.4404e-07
6924.9, 8.4398e-07
6926.9, 8.4394e-07
6928.9, 8.4388e-07
6930.9, 8.4383e-07
6932.9, 8.4377e-07
6934.9, 8.4371e-07
6936.9, 8.4365e-07
6938.9, 8.4359e-07
6940.9, 8.4352e-07
6942.9, 8.4346e-07
6944.9, 8.434e-07
6946.9, 8.4334e-07
6948.9, 8.4329e-07
6950.9, 8.4323e-07
6952.9, 8.4317e-07
6954.9, 8.4311e-07
6956.9, 8.4305e-07
6959.0, 8.4299e-07
6961.0, 8.4292e-07
6963.0, 8.4286e-07
6965.0, 8.428e-07
6967.0, 8.4274e-07
6969.0, 8.4268e-07
6971.0, 8.4261e-07
6973.0, 8.4255e-07
6975.0, 8.4249e-07
6977.0, 8.4243e-07
6979.0, 8.4238e-07
6981.0, 8.4231e-07
6983.0, 8.4226e-07
6985.0, 8.422e-07
6987.0, 8.4214e-07
6989.0, 8.4208e-07
6991.0, 8.4202e-07
6993.0, 8.4196e-07
6995.0, 8.419e-07
6997.0, 8.4185e-07
6999.0, 8.4179e-07
7001.0, 8.4172e-07
7003.0, 8.4167e-07
7005.0, 8.416e-07
7007.0, 8.4154e-07
7009.0, 8.4148e-07
7011.0, 8.4141e-07
7013.0, 8.4135e-07
7015.0, 8.4129e-07
7017.0, 8.4124e-07
7019.0, 8.4118e-07
7021.0, 8.4112e-07
7023.0, 8.4106e-07
7025.0, 8.41e-07
7027.0, 8.4094e-07
7029.0, 8.4088e-07
7031.0, 8.4082e-07
7033.0, 8.4077e-07
7035.0, 8.4071e-07
7037.0, 8.4065e-07
7039.0, 8.406e-07
7041.0, 8.4053e-07
7043.0, 8.4047e-07
7045.0, 8.4041e-07
7047.0, 8.4035e-07
7049.0, 8.4029e-07
7051.0, 8.4023e-07
7053.0, 8.4017e-07
7055.0, 8.4012e-07
7057.0, 8.4006e-07
7059.1, 8.4001e-07
7061.1, 8.3996e-07
7063.1, 8.399e-07
7065.1, 8.3984e-07
7067.1, 8.3979e-07
7069.1, 8.3973e-07
7071.1, 8.3967e-07
7073.1, 8.3961e-07
7075.1, 8.3955e-07
7077.1, 8.395e-07
7079.1, 8.3944e-07
7081.1, 8.3938e-07
7083.1, 8.3932e-07
7085.1, 8.3927e-07
7087.1, 8.3922e-07
7089.1, 8.3917e-07
7091.1, 8.3911e-07
7093.1, 8.3905e-07
7095.1, 8.39e-07
7097.1, 8.3894e-07
7099.1, 8.3888e-07
7101.1, 8.3882e-07
7103.1, 8.3876e-07
7105.1, 8.3871e-07
7107.1, 8.3865e-07
7109.1, 8.3859e-07
7111.1, 8.3854e-07
7113.1, 8.3849e-07
7115.1, 8.3843e-07
7117.1, 8.3836e-07
7119.1, 8.383e-07
7121.1, 8.3824e-07
7123.1, 8.3818e-07
7125.1, 8.3812e-07
7127.1, 8.3806e-07
7129.1, 8.38e-07
7131.1, 8.3794e-07
7133.1, 8.3789e-07
7135.1, 8.3783e-07
7137.1, 8.3778e-07
7139.1, 8.3773e-07
7141.1, 8.3767e-07
7143.1, 8.3761e-07
7145.1, 8.3755e-07
7147.1, 8.3748e-07
7149.1, 8.3742e-07
7151.1, 8.3735e-07
7153.1, 8.3728e-07
7155.1, 8.3722e-07
7157.1, 8.3716e-07
7159.2, 8.371e-07
7161.2, 8.3704e-07
7163.2, 8.3698e-07
7165.2, 8.3692e-07
7167.2, 8.3686e-07
7169.2, 8.368e-07
7171.2, 8.3675e-07
7173.2, 8.3669e-07
7175.2, 8.3663e-07
7177.2, 8.3658e-07
7179.2, 8.3652e-07
7181.2, 8.3646e-07
7183.2, 8.364e-07
7185.2, 8.3634e-07
7187.2, 8.3629e-07
7189.2, 8.3623e-07
7191.2, 8.3617e-07
7193.2, 8.361e-07
7195.2, 8.3604e-07
7197.2, 8.3597e-07
7199.2, 8.3591e-07
7201.2, 8.3584e-07
7203.2, 8.3578e-07
7205.2, 8.3572e-07
7207.2, 8.3566e-07
7209.2, 8.356e-07
7211.2, 8.3554e-07
7213.2, 8.3548e-07
7215.2, 8.3541e-07
7217.2, 8.3535e-07
7219.2, 8.3529e-07
7221.2, 8.3523e-07
7223.2, 8.3517e-07
7225.2, 8.351e-07
7227.2, 8.3505e-07
7229.2, 8.3499e-07
7231.2, 8.3493e-07
7233.2, 8.3487e-07
7235.2, 8.3481e-07
7237.2, 8.3476e-07
7239.2, 8.347e-07
7241.2, 8.3465e-07
7243.2, 8.3459e-07
7245.2, 8.3454e-07
7247.2, 8.3449e-07
7249.2, 8.3444e-07
7251.2, 8.3438e-07
7253.2, 8.3432e-07
7255.2, 8.3427e-07
7257.2, 8.3423e-07
7259.3, 8.3418e-07
7261.3, 8.3413e-07
7263.3, 8.3408e-07
7265.3, 8.3403e-07
7267.3, 8.3398e-07
7269.3, 8.3444e-07
7271.3, 8.3499e-07
7273.3, 8.3558e-07
7275.3, 8.3622e-07
7277.3, 8.3679e-07
7279.3, 8.3732e-07
7281.3, 8.3785e-07
7283.3, 8.3842e-07
7285.3, 8.3891e-07
7287.3, 8.3951e-07
7289.3, 8.401e-07
7291.3, 8.4066e-07
7293.3, 8.4124e-07
7295.3, 8.4177e-07
7297.3, 8.4238e-07
7299.3, 8.4297e-07
7301.3, 8.4363e-07
7303.3, 8.4424e-07
7305.3, 8.4488e-07
7307.3, 8.4547e-07
7309.3, 8.4605e-07
7311.3, 8.4663e-07
7313.3, 8.4719e-07
7315.3, 8.4777e-07
7317.3, 8.4834e-07
7319.3, 8.4891e-07
7321.3, 8.4952e-07
7323.3, 8.5011e-07
7325.3, 8.5072e-07
7327.3, 8.513e-07
7329.3, 8.5189e-07
7331.3, 8.5252e-07
7333.3, 8.5316e-07
7335.3, 8.5375e-07
7337.3, 8.5432e-07
7339.3, 8.5492e-07
7341.3, 8.5551e-07
7343.3, 8.5616e-07
7345.3, 8.5677e-07
7347.3, 8.5738e-07
7349.3, 8.5797e-07
7351.3, 8.5853e-07
7353.3, 8.591e-07
7355.3, 8.5971e-07
7357.3, 8.6029e-07
7359.4, 8.609e-07
7361.4, 8.6154e-07
7363.4, 8.6213e-07
7365.4, 8.6274e-07
7367.4, 8.6333e-07
7369.4, 8.6393e-07
7371.4, 8.645e-07
7373.4, 8.6505e-07
7375.4, 8.6564e-07
7377.4, 8.6624e-07
7379.4, 8.6683e-07
7381.4, 8.674e-07
7383.4, 8.6797e-07
7385.4, 8.6861e-07
7387.4, 8.6925e-07
7389.4, 8.6983e-07
7391.4, 8.7038e-07
7393.4, 8.7099e-07
7395.4, 8.7164e-07
7397.4, 8.7225e-07
7399.4, 8.7282e-07
7401.4, 8.7343e-07
7403.4, 8.7402e-07
7405.4, 8.7463e-07
7407.4, 8.7529e-07
7409.4, 8.7591e-07
7411.4, 8.765e-07
7413.4, 8.7707e-07
7415.4, 8.7769e-07
7417.4, 8.7823e-07
7419.4, 8.7878e-07
7421.4, 8.7938e-07
7423.4, 8.8001e-07
7425.4, 8.8063e-07
7427.4, 8.8121e-07
7429.4, 8.8185e-07
7431.4, 8.8244e-07
7433.4, 8.8306e-07
7435.4, 8.8364e-07
7437.4, 8.8426e-07
7439.4, 8.8486e-07
7441.4, 8.855e-07
7443.4, 8.8607e-07
7445.4, 8.8669e-07
7447.4, 8.8732e-07
7449.4, 8.8791e-07
7451.4, 8.8852e-07
7453.4, 8.8915e-07
7455.4, 8.8976e-07
7457.4, 8.9036e-07
7459.5, 8.9099e-07
7461.5, 8.9155e-07
7463.5, 8.9219e-07
7465.5, 8.9282e-07
7467.5, 8.9344e-07
7469.5, 8.9406e-07
7471.5, 8.9466e-07
7473.5, 8.9527e-07
7475.5, 8.9592e-07
7477.5, 8.9659e-07
7479.5, 8.9722e-07
7481.5, 8.9782e-07
7483.5, 8.9845e-07
7485.5, 8.9913e-07
7487.5, 8.9975e-07
7489.5, 9.0036e-07
7491.5, 9.0099e-07
7493.5, 9.016e-07
7495.5, 9.0225e-07
7497.5, 9.0286e-07
7499.5, 9.0347e-07
7501.5, 9.0409e-07
7503.5, 9.0469e-07
7505.5, 9.0533e-07
7507.5, 9.0594e-07
7509.5, 9.0657e-07
7511.5, 9.0722e-07
7513.5, 9.0783e-07
7515.5, 9.0843e-07
7517.5, 9.0904e-07
7519.5, 9.0968e-07
7521.5, 9.1032e-07
7523.5, 9.1093e-07
7525.5, 9.116e-07
7527.5, 9.1222e-07
7529.5, 9.1284e-07
7531.5, 9.1347e-07
7533.5, 9.1407e-07
7535.5, 9.1469e-07
7537.5, 9.1533e-07
7539.5, 9.1593e-07
7541.5, 9.1655e-07
7543.5, 9.1719e-07
7545.5, 9.1776e-07
7547.5, 9.1838e-07
7549.5, 9.1905e-07
7551.5, 9.1967e-07
7553.5, 9.2026e-07
7555.5, 9.2091e-07
7557.5, 9.2153e-07
7559.6, 9.2218e-07
7561.6, 9.2279e-07
7563.6, 9.2339e-07
7565.6, 9.2396e-07
7567.6, 9.245e-07
7569.6, 9.251e-07
7571.6, 9.2571e-07
7573.6, 9.2636e-07
7575.6, 9.2702e-07
7577.6, 9.2771e-07
7579.6, 9.2835e-07
7581.6, 9.2897e-07
7583.6, 9.2957e-07
7585.6, 9.302e-07
7587.6, 9.3085e-07
7589.6, 9.3145e-07
7591.6, 9.3206e-07
7593.6, 9.3269e-07
7595.6, 9.333e-07
7597.6, 9.3388e-07
7599.6, 9.345e-07
7601.6, 9.3515e-07
7603.6, 9.358e-07
7605.6, 9.3645e-07
7607.6, 9.3705e-07
7609.6, 9.3767e-07
7611.6, 9.3831e-07
7613.6, 9.3897e-07
7615.6, 9.396e-07
7617.6, 9.4019e-07
7619.6, 9.408e-07
7621.6, 9.4142e-07
7623.6, 9.4205e-07
7625.6, 9.4275e-07
7627.6, 9.4342e-07
7629.6, 9.4401e-07
7631.6, 9.4467e-07
7633.6, 9.4536e-07
7635.6, 9.4602e-07
7637.6, 9.4666e-07
7639.6, 9.4735e-07
7641.6, 9.4802e-07
7643.6, 9.4868e-07
7645.6, 9.4933e-07
7647.6, 9.4999e-07
7649.6, 9.5064e-07
7651.6, 9.5132e-07
7653.6, 9.5198e-07
7655.6, 9.5261e-07
7657.6, 9.5326e-07
7659.7, 9.5393e-07
7661.7, 9.5451e-07
7663.7, 9.5515e-07
7665.7, 9.5578e-07
7667.7, 9.5641e-07
7669.7, 9.5705e-07
7671.7, 9.5773e-07
7673.7, 9.5837e-07
7675.7, 9.5902e-07
7677.7, 9.5968e-07
7679.7, 9.6028e-07
7681.7, 9.6091e-07
7683.7, 9.6154e-07
7685.7, 9.622e-07
7687.7, 9.6283e-07
7689.7, 9.6347e-07
7691.7, 9.6408e-07
7693.7, 9.6469e-07
7695.7, 9.6532e-07
7697.7, 9.6593e-07
7699.7, 9.666e-07
7701.7, 9.6721e-07
7703.7, 9.6783e-07
7705.7, 9.6845e-07
7707.7, 9.6908e-07
7709.7, 9.697e-07
7711.7, 9.7033e-07
7713.7, 9.7095e-07
7715.7, 9.7162e-07
7717.7, 9.723e-07
7719.7, 9.7293e-07
7721.7, 9.7352e-07
7723.7, 9.7414e-07
7725.7, 9.7477e-07
7727.7, 9.7541e-07
7729.7, 9.7606e-07
7731.7, 9.7672e-07
7733.7, 9.774e-07
7735.7, 9.7803e-07
7737.7, 9.7868e-07
7739.7, 9.7931e-07
7741.7, 9.7995e-07
7743.7, 9.8061e-07
7745.7, 9.8131e-07
7747.7, 9.8199e-07
7749.7, 9.8262e-07
7751.7, 9.8326e-07
7753.7, 9.8393e-07
7755.7, 9.8459e-07
7757.7, 9.8519e-07
7759.8, 9.8584e-07
7761.8, 9.8649e-07
7763.8, 9.8713e-07
7765.8, 9.8774e-07
7767.8, 9.8836e-07
7769.8, 9.8901e-07
7771.8, 9.8966e-07
7773.8, 9.9034e-07
7775.8, 9.9099e-07
7777.8, 9.9164e-07
7779.8, 9.9232e-07
7781.8, 9.9297e-07
7783.8, 9.9365e-07
7785.8, 9.943e-07
7787.8, 9.9494e-07
7789.8, 9.9556e-07
7791.8, 9.9621e-07
7793.8, 9.9688e-07
7795.8, 9.9755e-07
7797.8, 9.9821e-07
7799.8, 9.9885e-07
7801.8, 9.9948e-07
7803.8, 1.0001e-06
7805.8, 1.0007e-06
7807.8, 1.0013e-06
7809.8, 1.002e-06
7811.8, 1.0026e-06
7813.8, 1.0033e-06
7815.8, 1.0039e-06
7817.8, 1.0046e-06
7819.8, 1.0052e-06
7821.8, 1.0058e-06
7823.8, 1.0065e-06
7825.8, 1.0071e-06
7827.8, 1.0078e-06
7829.8, 1.0084e-06
7831.8, 1.0091e-06
7833.8, 1.0097e-06
7835.8, 1.0104e-06
7837.8, 1.011e-06
7839.8, 1.0117e-06
7841.8, 1.0124e-06
7843.8, 1.0131e-06
7845.8, 1.0138e-06
7847.8, 1.0145e-06
7849.8, 1.0151e-06
7851.8, 1.0158e-06
7853.8, 1.0165e-06
7855.8, 1.0171e-06
7857.8, 1.0178e-06
7859.9, 1.0184e-06
7861.9, 1.0191e-06
7863.9, 1.0197e-06
7865.9, 1.0204e-06
7867.9, 1.0211e-06
7869.9, 1.0217e-06
7871.9, 1.0225e-06
7873.9, 1.0232e-06
7875.9, 1.0238e-06
7877.9, 1.0244e-06
7879.9, 1.0251e-06
7881.9, 1.0257e-06
7883.9, 1.0264e-06
7885.9, 1.027e-06
7887.9, 1.0276e-06
7889.9, 1.0283e-06
7891.9, 1.0289e-06
7893.9, 1.0296e-06
7895.9, 1.0302e-06
7897.9, 1.0308e-06
7899.9, 1.0315e-06
7901.9, 1.0322e-06
7903.9, 1.0329e-06
7905.9, 1.0336e-06
7907.9, 1.0342e-06
7909.9, 1.0349e-06
7911.9, 1.0355e-06
7913.9, 1.0362e-06
7915.9, 1.0368e-06
7917.9, 1.0375e-06
7919.9, 1.0381e-06
7921.9, 1.0388e-06
7923.9, 1.0394e-06
7925.9, 1.0401e-06
7927.9, 1.0407e-06
7929.9, 1.0413e-06
7931.9, 1.042e-06
7933.9, 1.0427e-06
7935.9, 1.0433e-06
7937.9, 1.044e-06
7939.9, 1.0446e-06
7941.9, 1.0452e-06
7943.9, 1.0458e-06
7945.9, 1.0465e-06
7947.9, 1.0472e-06
7949.9, 1.0478e-06
7951.9, 1.0484e-06
7953.9, 1.0492e-06
7955.9, 1.0498e-06
7957.9, 1.0505e-06
7960.0, 1.0511e-06
7962.0, 1.0517e-06
7964.0, 1.0524e-06
7966.0, 1.053e-06
7968.0, 1.0537e-06
7970.0, 1.0544e-06
7972.0, 1.0551e-06
7974.0, 1.0558e-06
7976.0, 1.0564e-06
7978.0, 1.0571e-06
7980.0, 1.0577e-06
7982.0, 1.0584e-06
7984.0, 1.059e-06
7986.0, 1.0597e-06
7988.0, 1.0603e-06
7990.0, 1.0609e-06
7992.0, 1.0616e-06
7994.0, 1.0623e-06
7996.0, 1.0629e-06
7998.0, 1.0635e-06
8000.0, 1.0642e-06
8002.0, 1.0649e-06
8004.0, 1.0655e-06
8006.0, 1.0662e-06
8008.0, 1.0669e-06
8010.0, 1.0676e-06
8012.0, 1.0682e-06
8014.0, 1.0688e-06
8016.0, 1.0695e-06
8018.0, 1.0702e-06
8020.0, 1.0709e-06
8022.0, 1.0716e-06
8024.0, 1.0722e-06
8026.0, 1.0728e-06
8028.0, 1.0734e-06
8030.0, 1.074e-06
8032.0, 1.0747e-06
8034.0, 1.0754e-06
8036.0, 1.0761e-06
8038.0, 1.0767e-06
8040.0, 1.0773e-06
8042.0, 1.078e-06
8044.0, 1.0787e-06
8046.0, 1.0794e-06
8048.0, 1.0801e-06
8050.0, 1.0807e-06
8052.0, 1.0814e-06
8054.0, 1.0821e-06
8056.0, 1.0827e-06
8058.0, 1.0834e-06
8060.1, 1.084e-06
8062.1, 1.0846e-06
8064.1, 1.0853e-06
8066.1, 1.0859e-06
8068.1, 1.0866e-06
8070.1, 1.0873e-06
8072.1, 1.0879e-06
8074.1, 1.0886e-06
8076.1, 1.0893e-06
8078.1, 1.0899e-06
8080.1, 1.0906e-06
8082.1, 1.0912e-06
8084.1, 1.0919e-06
8086.1, 1.0925e-06
8088.1, 1.0932e-06
8090.1, 1.0938e-06
8092.1, 1.0944e-06
8094.1, 1.0951e-06
8096.1, 1.0957e-06
8098.1, 1.0963e-06
8100.1, 1.097e-06
8102.1, 1.0977e-06
8104.1, 1.0983e-06
8106.1, 1.099e-06
8108.1, 1.0996e-06
8110.1, 1.1003e-06
8112.1, 1.1009e-06
8114.1, 1.1016e-06
8116.1, 1.1022e-06
8118.1, 1.1029e-06
8120.1, 1.1036e-06
8122.1, 1.1043e-06
8124.1, 1.105e-06
8126.1, 1.1056e-06
8128.1, 1.1063e-06
8130.1, 1.107e-06
8132.1, 1.1077e-06
8134.1, 1.1083e-06
8136.1, 1.109e-06
8138.1, 1.1096e-06
8140.1, 1.1103e-06
8142.1, 1.111e-06
8144.1, 1.1116e-06
8146.1, 1.1122e-06
8148.1, 1.1129e-06
8150.1, 1.1135e-06
8152.1, 1.1142e-06
8154.1, 1.1149e-06
8156.1, 1.1155e-06
8158.1, 1.1161e-06
8160.2, 1.1167e-06
8162.2, 1.1173e-06
8164.2, 1.1179e-06
8166.2, 1.1185e-06
8168.2, 1.1192e-06
8170.2, 1.1198e-06
8172.2, 1.1204e-06
8174.2, 1.1211e-06
8176.2, 1.1216e-06
8178.2, 1.1223e-06
8180.2, 1.1229e-06
8182.2, 1.1236e-06
8184.2, 1.1242e-06
8186.2, 1.1249e-06
8188.2, 1.1255e-06
8190.2, 1.1262e-06
8192.2, 1.1268e-06
8194.2, 1.1275e-06
8196.2, 1.1281e-06
8198.2, 1.1288e-06
8200.2, 1.1295e-06
8202.2, 1.1302e-06
8204.2, 1.1308e-06
8206.2, 1.1314e-06
8208.2, 1.1321e-06
8210.2, 1.1327e-06
8212.2, 1.1334e-06
8214.2, 1.1341e-06
8216.2, 1.1347e-06
8218.2, 1.1353e-06
8220.2, 1.136e-06
8222.2, 1.1367e-06
8224.2, 1.1374e-06
8226.2, 1.1381e-06
8228.2, 1.1387e-06
8230.2, 1.1394e-06
8232.2, 1.1401e-06
8234.2, 1.1407e-06
8236.2, 1.1414e-06
8238.2, 1.142e-06
8240.2, 1.1426e-06
8242.2, 1.1433e-06
8244.2, 1.1439e-06
8246.2, 1.1445e-06
8248.2, 1.1452e-06
8250.2, 1.1459e-06
8252.2, 1.1466e-06
8254.2, 1.1472e-06
8256.2, 1.1479e-06
8258.2, 1.1485e-06
8260.3, 1.1491e-06
8262.3, 1.1498e-06
8264.3, 1.1505e-06
8266.3, 1.1511e-06
8268.3, 1.1517e-06
8270.3, 1.1518e-06
8272.3, 1.1518e-06
8274.3, 1.1517e-06
8276.3, 1.1517e-06
8278.3, 1.1516e-06
8280.3, 1.1516e-06
8282.3, 1.1515e-06
8284.3, 1.1515e-06
8286.3, 1.1514e-06
8288.3, 1.1514e-06
8290.3, 1.1514e-06
8292.3, 1.1513e-06
8294.3, 1.1513e-06
8296.3, 1.1512e-06
8298.3, 1.1512e-06
8300.3, 1.1511e-06
8302.3, 1.1511e-06
8304.3, 1.151e-06
8306.3, 1.151e-06
8308.3, 1.151e-06
8310.3, 1.1509e-06
8312.3, 1.1509e-06
8314.3, 1.1508e-06
8316.3, 1.1508e-06
8318.3, 1.1507e-06
8320.3, 1.1507e-06
8322.3, 1.1506e-06
8324.3, 1.1506e-06
8326.3, 1.1505e-06
8328.3, 1.1505e-06
8330.3, 1.1504e-06
8332.3, 1.1504e-06
8334.3, 1.1503e-06
8336.3, 1.1503e-06
8338.3, 1.1502e-06
8340.3, 1.1502e-06
8342.3, 1.1501e-06
8344.3, 1.1501e-06
8346.3, 1.1501e-06
8348.3, 1.15e-06
8350.3, 1.15e-06
8352.3, 1.1499e-06
8354.3, 1.1499e-06
8356.3, 1.1498e-06
8358.3, 1.1498e-06
8360.4, 1.1498e-06
8362.4, 1.1497e-06
8364.4, 1.1497e-06
8366.4, 1.1496e-06
8368.4, 1.1496e-06
8370.4, 1.1495e-06
8372.4, 1.1495e-06
8374.4, 1.1494e-06
8376.4, 1.1494e-06
8378.4, 1.1493e-06
8380.4, 1.1493e-06
8382.4, 1.1493e-06
8384.4, 1.1492e-06
8386.4, 1.1492e-06
8388.4, 1.1491e-06
8390.4, 1.1491e-06
8392.4, 1.149e-06
8394.4, 1.149e-06
8396.4, 1.1489e-06
8398.4, 1.1489e-06
8400.4, 1.1488e-06
8402.4, 1.1488e-06
8404.4, 1.1487e-06
8406.4, 1.1487e-06
8408.4, 1.1486e-06
8410.4, 1.1486e-06
8412.4, 1.1485e-06
8414.4, 1.1485e-06
8416.4, 1.1485e-06
8418.4, 1.1484e-06
8420.4, 1.1484e-06
8422.4, 1.1483e-06
8424.4, 1.1483e-06
8426.4, 1.1482e-06
8428.4, 1.1482e-06
8430.4, 1.1481e-06
8432.4, 1.1481e-06
8434.4, 1.148e-06
8436.4, 1.1479e-06
8438.4, 1.1479e-06
8440.4, 1.1479e-06
8442.4, 1.1478e-06
8444.4, 1.1478e-06
8446.4, 1.1477e-06
8448.4, 1.1477e-06
8450.4, 1.1476e-06
8452.4, 1.1476e-06
8454.4, 1.1476e-06
8456.4, 1.1475e-06
8458.4, 1.1475e-06
8460.5, 1.1474e-06
8462.5, 1.1474e-06
8464.5, 1.1474e-06
8466.5, 1.1473e-06
8468.5, 1.1473e-06
8470.5, 1.1472e-06
8472.5, 1.1472e-06
8474.5, 1.1471e-06
8476.5, 1.1471e-06
8478.5, 1.1471e-06
8480.5, 1.147e-06
8482.5, 1.147e-06
8484.5, 1.147e-06
8486.5, 1.1469e-06
8488.5, 1.1469e-06
8490.5, 1.1468e-06
8492.5, 1.1468e-06
8494.5, 1.1468e-06
8496.5, 1.1467e-06
8498.5, 1.1467e-06
8500.5, 1.1466e-06
8502.5, 1.1466e-06
8504.5, 1.1465e-06
8506.5, 1.1465e-06
8508.5, 1.1465e-06
8510.5, 1.1464e-06
8512.5, 1.1464e-06
8514.5, 1.1463e-06
8516.5, 1.1463e-06
8518.5, 1.1463e-06
8520.5, 1.1462e-06
8522.5, 1.1462e-06
8524.5, 1.1461e-06
8526.5, 1.1461e-06
8528.5, 1.146e-06
8530.5, 1.146e-06
8532.5, 1.1459e-06
8534.5, 1.1459e-06
8536.5, 1.1459e-06
8538.5, 1.1458e-06
8540.5, 1.1458e-06
8542.5, 1.1457e-06
8544.5, 1.1457e-06
8546.5, 1.1456e-06
8548.5, 1.1456e-06
8550.5, 1.1455e-06
8552.5, 1.1455e-06
8554.5, 1.1455e-06
8556.5, 1.1454e-06
8558.5, 1.1454e-06
8560.6, 1.1453e-06
8562.6, 1.1453e-06
8564.6, 1.1452e-06
8566.6, 1.1452e-06
8568.6, 1.1451e-06
8570.6, 1.1451e-06
8572.6, 1.145e-06
8574.6, 1.145e-06
8576.6, 1.1449e-06
8578.6, 1.1449e-06
8580.6, 1.1448e-06
8582.6, 1.1448e-06
8584.6, 1.1447e-06
8586.6, 1.1447e-06
8588.6, 1.1447e-06
8590.6, 1.1446e-06
8592.6, 1.1446e-06
8594.6, 1.1445e-06
8596.6, 1.1445e-06
8598.6, 1.1444e-06
8600.6, 1.1444e-06
8602.6, 1.1443e-06
8604.6, 1.1443e-06
8606.6, 1.1443e-06
8608.6, 1.1442e-06
8610.6, 1.1442e-06
8612.6, 1.1441e-06
8614.6, 1.1441e-06
8616.6, 1.144e-06
8618.6, 1.144e-06
8620.6, 1.144e-06
8622.6, 1.1439e-06
8624.6, 1.1439e-06
8626.6, 1.1438e-06
8628.6, 1.1438e-06
8630.6, 1.1437e-06
8632.6, 1.1437e-06
8634.6, 1.1436e-06
8636.6, 1.1436e-06
8638.6, 1.1435e-06
8640.6, 1.1435e-06
8642.6, 1.1435e-06
8644.6, 1.1434e-06
8646.6, 1.1434e-06
8648.6, 1.1433e-06
8650.6, 1.1433e-06
8652.6, 1.1432e-06
8654.6, 1.1432e-06
8656.6, 1.1431e-06
8658.6, 1.1431e-06
8660.7, 1.143e-06
8662.7, 1.143e-06
8664.7, 1.143e-06
8666.7, 1.1429e-06
8668.7, 1.1429e-06
8670.7, 1.1428e-06
8672.7, 1.1428e-06
8674.7, 1.1427e-06
8676.7, 1.1427e-06
8678.7, 1.1426e-06
8680.7, 1.1426e-06
8682.7, 1.1426e-06
8684.7, 1.1425e-06
8686.7, 1.1425e-06
8688.7, 1.1424e-06
8690.7, 1.1424e-06
8692.7, 1.1424e-06
8694.7, 1.1423e-06
8696.7, 1.1423e-06
8698.7, 1.1422e-06
8700.7, 1.1422e-06
8702.7, 1.1422e-06
8704.7, 1.1421e-06
8706.7, 1.1421e-06
8708.7, 1.142e-06
8710.7, 1.142e-06
8712.7, 1.1419e-06
8714.7, 1.1419e-06
8716.7, 1.1419e-06
8718.7, 1.1418e-06
8720.7, 1.1418e-06
8722.7, 1.1417e-06
8724.7, 1.1417e-06
8726.7, 1.1416e-06
8728.7, 1.1416e-06
8730.7, 1.1416e-06
8732.7, 1.1415e-06
8734.7, 1.1415e-06
8736.7, 1.1414e-06
8738.7, 1.1414e-06
8740.7, 1.1413e-06
8742.7, 1.1413e-06
8744.7, 1.1413e-06
8746.7, 1.1412e-06
8748.7, 1.1412e-06
8750.7, 1.1411e-06
8752.7, 1.1411e-06
8754.7, 1.141e-06
8756.7, 1.141e-06
8758.7, 1.1409e-06
8760.8, 1.1409e-06
8762.8, 1.1408e-06
8764.8, 1.1408e-06
8766.8, 1.1407e-06
8768.8, 1.1407e-06
8770.8, 1.1406e-06
8772.8, 1.1406e-06
8774.8, 1.1405e-06
8776.8, 1.1405e-06
8778.8, 1.1404e-06
8780.8, 1.1404e-06
8782.8, 1.1404e-06
8784.8, 1.1403e-06
8786.8, 1.1403e-06
8788.8, 1.1402e-06
8790.8, 1.1402e-06
8792.8, 1.1402e-06
8794.8, 1.1401e-06
8796.8, 1.1401e-06
8798.8, 1.14e-06
8800.8, 1.14e-06
8802.8, 1.1399e-06
8804.8, 1.1399e-06
8806.8, 1.1399e-06
8808.8, 1.1398e-06
8810.8, 1.1398e-06
8812.8, 1.1397e-06
8814.8, 1.1397e-06
8816.8, 1.1396e-06
8818.8, 1.1396e-06
8820.8, 1.1395e-06
8822.8, 1.1395e-06
8824.8, 1.1395e-06
8826.8, 1.1394e-06
8828.8, 1.1394e-06
8830.8, 1.1393e-06
8832.8, 1.1393e-06
8834.8, 1.1392e-06
8836.8, 1.1392e-06
8838.8, 1.1391e-06
8840.8, 1.1391e-06
8842.8, 1.139e-06
8844.8, 1.139e-06
8846.8, 1.139e-06
8848.8, 1.1389e-06
8850.8, 1.1389e-06
8852.8, 1.1388e-06
8854.8, 1.1388e-06
8856.8, 1.1387e-06
8858.8, 1.1387e-06
8860.9, 1.1387e-06
8862.9, 1.1386e-06
8864.9, 1.1386e-06
8866.9, 1.1385e-06
8868.9, 1.1385e-06
8870.9, 1.1384e-06
8872.9, 1.1384e-06
8874.9, 1.1383e-06
8876.9, 1.1383e-06
8878.9, 1.1382e-06
8880.9, 1.1382e-06
8882.9, 1.1382e-06
8884.9, 1.1381e-06
8886.9, 1.1381e-06
8888.9, 1.138e-06
8890.9, 1.138e-06
8892.9, 1.1379e-06
8894.9, 1.1379e-06
8896.9, 1.1378e-06
8898.9, 1.1378e-06
8900.9, 1.1377e-06
8902.9, 1.1377e-06
8904.9, 1.1376e-06
8906.9, 1.1376e-06
8908.9, 1.1376e-06
8910.9, 1.1375e-06
8912.9, 1.1375e-06
8914.9, 1.1374e-06
8916.9, 1.1374e-06
8918.9, 1.1373e-06
8920.9, 1.1373e-06
8922.9, 1.1372e-06
8924.9, 1.1372e-06
8926.9, 1.1371e-06
8928.9, 1.1371e-06
8930.9, 1.1371e-06
8932.9, 1.137e-06
8934.9, 1.137e-06
8936.9, 1.1369e-06
8938.9, 1.1369e-06
8940.9, 1.1368e-06
8942.9, 1.1368e-06
8944.9, 1.1367e-06
8946.9, 1.1367e-06
8948.9, 1.1366e-06
8950.9, 1.1366e-06
8952.9, 1.1366e-06
8954.9, 1.1365e-06
8956.9, 1.1365e-06
8958.9, 1.1364e-06
8961.0, 1.1364e-06
8963.0, 1.1363e-06
8965.0, 1.1363e-06
8967.0, 1.1362e-06
8969.0, 1.1362e-06
8971.0, 1.1362e-06
8973.0, 1.1361e-06
8975.0, 1.1361e-06
8977.0, 1.136e-06
8979.0, 1.136e-06
8981.0, 1.136e-06
8983.0, 1.1359e-06
8985.0, 1.1359e-06
8987.0, 1.1358e-06
8989.0, 1.1358e-06
8991.0, 1.1357e-06
8993.0, 1.1357e-06
8995.0, 1.1356e-06
8997.0, 1.1356e-06
8999.0, 1.1355e-06
9001.0, 1.1355e-06
9003.0, 1.1354e-06
9005.0, 1.1354e-06
9007.0, 1.1353e-06
9009.0, 1.1353e-06
9011.0, 1.1352e-06
9013.0, 1.1352e-06
9015.0, 1.1352e-06
9017.0, 1.1351e-06
9019.0, 1.135e-06
9021.0, 1.135e-06
9023.0, 1.1349e-06
9025.0, 1.1349e-06
9027.0, 1.1348e-06
9029.0, 1.1348e-06
9031.0, 1.1347e-06
9033.0, 1.1347e-06
9035.0, 1.1346e-06
9037.0, 1.1346e-06
9039.0, 1.1345e-06
9041.0, 1.1345e-06
9043.0, 1.1345e-06
9045.0, 1.1344e-06
9047.0, 1.1344e-06
9049.0, 1.1343e-06
9051.0, 1.1343e-06
9053.0, 1.1342e-06
9055.0, 1.1342e-06
9057.0, 1.1341e-06
9059.0, 1.1341e-06
9061.1, 1.134e-06
9063.1, 1.134e-06
9065.1, 1.1339e-06
9067.1, 1.1339e-06
9069.1, 1.1339e-06
9071.1, 1.1338e-06
9073.1, 1.1338e-06
9075.1, 1.1337e-06
9077.1, 1.1337e-06
9079.1, 1.1336e-06
9081.1, 1.1336e-06
9083.1, 1.1335e-06
9085.1, 1.1335e-06
9087.1, 1.1334e-06
9089.1, 1.1334e-06
9091.1, 1.1334e-06
9093.1, 1.1333e-06
9095.1, 1.1333e-06
9097.1, 1.1332e-06
9099.1, 1.1332e-06
9101.1, 1.1331e-06
9103.1, 1.1331e-06
9105.1, 1.133e-06
9107.1, 1.133e-06
9109.1, 1.1329e-06
9111.1, 1.1329e-06
9113.1, 1.1328e-06
9115.1, 1.1328e-06
9117.1, 1.1327e-06
9119.1, 1.1327e-06
9121.1, 1.1326e-06
9123.1, 1.1326e-06
9125.1, 1.1325e-06
9127.1, 1.1325e-06
9129.1, 1.1324e-06
9131.1, 1.1324e-06
9133.1, 1.1323e-06
9135.1, 1.1323e-06
9137.1, 1.1322e-06
9139.1, 1.1322e-06
9141.1, 1.1321e-06
9143.1, 1.1321e-06
9145.1, 1.132e-06
9147.1, 1.132e-06
9149.1, 1.132e-06
9151.1, 1.1319e-06
9153.1, 1.1319e-06
9155.1, 1.1318e-06
9157.1, 1.1318e-06
9159.1, 1.1317e-06
9161.2, 1.1316e-06
9163.2, 1.1316e-06
9165.2, 1.1315e-06
9167.2, 1.1315e-06
9169.2, 1.1314e-06
9171.2, 1.1314e-06
9173.2, 1.1313e-06
9175.2, 1.1313e-06
9177.2, 1.1312e-06
9179.2, 1.1312e-06
9181.2, 1.1311e-06
9183.2, 1.1311e-06
9185.2, 1.131e-06
9187.2, 1.131e-06
9189.2, 1.1309e-06
9191.2, 1.1308e-06
9193.2, 1.1308e-06
9195.2, 1.1307e-06
9197.2, 1.1307e-06
9199.2, 1.1306e-06
9201.2, 1.1306e-06
9203.2, 1.1305e-06
9205.2, 1.1305e-06
9207.2, 1.1304e-06
9209.2, 1.1304e-06
9211.2, 1.1303e-06
9213.2, 1.1303e-06
9215.2, 1.1302e-06
9217.2, 1.1301e-06
9219.2, 1.1301e-06
9221.2, 1.13e-06
9223.2, 1.13e-06
9225.2, 1.1299e-06
9227.2, 1.1299e-06
9229.2, 1.1298e-06
9231.2, 1.1298e-06
9233.2, 1.1297e-06
9235.2, 1.1297e-06
9237.2, 1.1296e-06
9239.2, 1.1296e-06
9241.2, 1.1295e-06
9243.2, 1.1295e-06
9245.2, 1.1294e-06
9247.2, 1.1294e-06
9249.2, 1.1294e-06
9251.2, 1.1293e-06
9253.2, 1.1293e-06
9255.2, 1.1292e-06
9257.2, 1.1292e-06
9259.2, 1.1291e-06
9261.3, 1.1291e-06
9263.3, 1.129e-06
9265.3, 1.129e-06
9267.3, 1.1289e-06
9269.3, 1.1289e-06
9271.3, 1.1288e-06
9273.3, 1.1288e-06
9275.3, 1.1287e-06
9277.3, 1.1287e-06
9279.3, 1.1286e-06
9281.3, 1.1286e-06
9283.3, 1.1285e-06
9285.3, 1.1285e-06
9287.3, 1.1285e-06
9289.3, 1.1284e-06
9291.3, 1.1284e-06
9293.3, 1.1283e-06
9295.3, 1.1283e-06
9297.3, 1.1282e-06
9299.3, 1.1282e-06
9301.3, 1.1281e-06
9303.3, 1.1281e-06
9305.3, 1.128e-06
9307.3, 1.128e-06
9309.3, 1.1279e-06
9311.3, 1.1279e-06
9313.3, 1.1279e-06
9315.3, 1.1278e-06
9317.3, 1.1277e-06
9319.3, 1.1277e-06
9321.3, 1.1276e-06
9323.3, 1.1276e-06
9325.3, 1.1275e-06
9327.3, 1.1275e-06
9329.3, 1.1275e-06
9331.3, 1.1274e-06
9333.3, 1.1274e-06
9335.3, 1.1273e-06
9337.3, 1.1273e-06
9339.3, 1.1272e-06
9341.3, 1.1272e-06
9343.3, 1.1271e-06
9345.3, 1.1271e-06
9347.3, 1.127e-06
9349.3, 1.127e-06
9351.3, 1.1269e-06
9353.3, 1.1269e-06
9355.3, 1.1268e-06
9357.3, 1.1268e-06
9359.3, 1.1267e-06
9361.4, 1.1267e-06
9363.4, 1.1266e-06
9365.4, 1.1266e-06
9367.4, 1.1265e-06
9369.4, 1.1265e-06
9371.4, 1.1264e-06
9373.4, 1.1264e-06
9375.4, 1.1263e-06
9377.4, 1.1263e-06
9379.4, 1.1262e-06
9381.4, 1.1262e-06
9383.4, 1.1262e-06
9385.4, 1.1261e-06
9387.4, 1.1261e-06
9389.4, 1.126e-06
9391.4, 1.126e-06
9393.4, 1.1259e-06
9395.4, 1.1259e-06
9397.4, 1.1258e-06
9399.4, 1.1258e-06
9401.4, 1.1258e-06
9403.4, 1.1257e-06
9405.4, 1.1257e-06
9407.4, 1.1256e-06
9409.4, 1.1256e-06
9411.4, 1.1255e-06
9413.4, 1.1254e-06
9415.4, 1.1254e-06
9417.4, 1.1253e-06
9419.4, 1.1253e-06
9421.4, 1.1252e-06
9423.4, 1.1252e-06
9425.4, 1.1251e-06
9427.4, 1.1251e-06
9429.4, 1.125e-06
9431.4, 1.1249e-06
9433.4, 1.1249e-06
9435.4, 1.1248e-06
9437.4, 1.1248e-06
9439.4, 1.1247e-06
9441.4, 1.1247e-06
9443.4, 1.1246e-06
9445.4, 1.1246e-06
9447.4, 1.1245e-06
9449.4, 1.1245e-06
9451.4, 1.1244e-06
9453.4, 1.1244e-06
9455.4, 1.1244e-06
9457.4, 1.1243e-06
9459.4, 1.1243e-06
9461.5, 1.1242e-06
9463.5, 1.1242e-06
9465.5, 1.1241e-06
9467.5, 1.1241e-06
9469.5, 1.124e-06
9471.5, 1.124e-06
9473.5, 1.1239e-06
9475.5, 1.1239e-06
9477.5, 1.1239e-06
9479.5, 1.1238e-06
9481.5, 1.1238e-06
9483.5, 1.1237e-06
9485.5, 1.1237e-06
9487.5, 1.1236e-06
9489.5, 1.1236e-06
9491.5, 1.1235e-06
9493.5, 1.1235e-06
9495.5, 1.1234e-06
9497.5, 1.1234e-06
9499.5, 1.1233e-06
9501.5, 1.1233e-06
9503.5, 1.1233e-06
9505.5, 1.1232e-06
9507.5, 1.1232e-06
9509.5, 1.1231e-06
9511.5, 1.1231e-06
9513.5, 1.123e-06
9515.5, 1.123e-06
9517.5, 1.1229e-06
9519.5, 1.1229e-06
9521.5, 1.1228e-06
9523.5, 1.1228e-06
9525.5, 1.1227e-06
9527.5, 1.1227e-06
9529.5, 1.1226e-06
9531.5, 1.1226e-06
9533.5, 1.1226e-06
9535.5, 1.1225e-06
9537.5, 1.1225e-06
9539.5, 1.1224e-06
9541.5, 1.1224e-06
9543.5, 1.1223e-06
9545.5, 1.1222e-06
9547.5, 1.1222e-06
9549.5, 1.1221e-06
9551.5, 1.1221e-06
9553.5, 1.122e-06
9555.5, 1.122e-06
9557.5, 1.1219e-06
9559.5, 1.1219e-06
9561.6, 1.1218e-06
9563.6, 1.1218e-06
9565.6, 1.1217e-06
9567.6, 1.1217e-06
9569.6, 1.1216e-06
9571.6, 1.1216e-06
9573.6, 1.1215e-06
9575.6, 1.1215e-06
9577.6, 1.1214e-06
9579.6, 1.1214e-06
9581.6, 1.1213e-06
9583.6, 1.1213e-06
9585.6, 1.1212e-06
9587.6, 1.1212e-06
9589.6, 1.1211e-06
9591.6, 1.1211e-06
9593.6, 1.121e-06
9595.6, 1.121e-06
9597.6, 1.1209e-06
9599.6, 1.1209e-06
9601.6, 1.1208e-06
9603.6, 1.1208e-06
9605.6, 1.1207e-06
9607.6, 1.1207e-06
9609.6, 1.1206e-06
9611.6, 1.1206e-06
9613.6, 1.1205e-06
9615.6, 1.1205e-06
9617.6, 1.1204e-06
9619.6, 1.1204e-06
9621.6, 1.1203e-06
9623.6, 1.1203e-06
9625.6, 1.1202e-06
9627.6, 1.1202e-06
9629.6, 1.1201e-06
9631.6, 1.1201e-06
9633.6, 1.1201e-06
9635.6, 1.12e-06
9637.6, 1.12e-06
9639.6, 1.1199e-06
9641.6, 1.1199e-06
9643.6, 1.1198e-06
9645.6, 1.1198e-06
9647.6, 1.1197e-06
9649.6, 1.1197e-06
9651.6, 1.1196e-06
9653.6, 1.1196e-06
9655.6, 1.1196e-06
9657.6, 1.1195e-06
9659.6, 1.1195e-06
9661.7, 1.1194e-06
9663.7, 1.1194e-06
9665.7, 1.1193e-06
9667.7, 1.1193e-06
9669.7, 1.1192e-06
9671.7, 1.1192e-06
9673.7, 1.1192e-06
9675.7, 1.1191e-06
9677.7, 1.1191e-06
9679.7, 1.119e-06
9681.7, 1.119e-06
9683.7, 1.1189e-06
9685.7, 1.1189e-06
9687.7, 1.1188e-06
9689.7, 1.1188e-06
9691.7, 1.1187e-06
9693.7, 1.1187e-06
9695.7, 1.1187e-06
9697.7, 1.1191e-06
9699.7, 1.1197e-06
9701.7, 1.1202e-06
9703.7, 1.1208e-06
9705.7, 1.1214e-06
9707.7, 1.122e-06
9709.7, 1.1225e-06
9711.7, 1.1231e-06
9713.7, 1.1237e-06
9715.7, 1.1243e-06
9717.7, 1.1249e-06
9719.7, 1.1254e-06
9721.7, 1.126e-06
9723.7, 1.1266e-06
9725.7, 1.1272e-06
9727.7, 1.1278e-06
9729.7, 1.1283e-06
9731.7, 1.129e-06
9733.7, 1.1296e-06
9735.7, 1.1302e-06
9737.7, 1.1309e-06
9739.7, 1.1315e-06
9741.7, 1.132e-06
9743.7, 1.1326e-06
9745.7, 1.1332e-06
9747.7, 1.1338e-06
9749.7, 1.1345e-06
9751.7, 1.1351e-06
9753.7, 1.1357e-06
9755.7, 1.1363e-06
9757.7, 1.1369e-06
9759.7, 1.1375e-06
9761.8, 1.1381e-06
9763.8, 1.1387e-06
9765.8, 1.1393e-06
9767.8, 1.1398e-06
9769.8, 1.1404e-06
9771.8, 1.141e-06
9773.8, 1.1416e-06
9775.8, 1.1422e-06
9777.8, 1.1428e-06
9779.8, 1.1434e-06
9781.8, 1.144e-06
9783.8, 1.1446e-06
9785.8, 1.1453e-06
9787.8, 1.1458e-06
9789.8, 1.1465e-06
9791.8, 1.1471e-06
9793.8, 1.1477e-06
9795.8, 1.1483e-06
9797.8, 1.1489e-06
9799.8, 1.1495e-06
9801.8, 1.1501e-06
9803.8, 1.1507e-06
9805.8, 1.1512e-06
9807.8, 1.1519e-06
9809.8, 1.1526e-06
9811.8, 1.1532e-06
9813.8, 1.1537e-06
9815.8, 1.1544e-06
9817.8, 1.155e-06
9819.8, 1.1556e-06
9821.8, 1.1562e-06
9823.8, 1.1569e-06
9825.8, 1.1575e-06
9827.8, 1.1581e-06
9829.8, 1.1587e-06
9831.8, 1.1593e-06
9833.8, 1.1599e-06
9835.8, 1.1605e-06
9837.8, 1.1611e-06
9839.8, 1.1618e-06
9841.8, 1.1624e-06
9843.8, 1.163e-06
9845.8, 1.1637e-06
9847.8, 1.1643e-06
9849.8, 1.1649e-06
9851.8, 1.1655e-06
9853.8, 1.1661e-06
9855.8, 1.1667e-06
9857.8, 1.1674e-06
9859.8, 1.1679e-06
9861.9, 1.1686e-06
9863.9, 1.1692e-06
9865.9, 1.1698e-06
9867.9, 1.1704e-06
9869.9, 1.171e-06
9871.9, 1.1716e-06
9873.9, 1.1722e-06
9875.9, 1.1728e-06
9877.9, 1.1734e-06
9879.9, 1.1741e-06
9881.9, 1.1748e-06
9883.9, 1.1754e-06
9885.9, 1.176e-06
9887.9, 1.1767e-06
9889.9, 1.1773e-06
9891.9, 1.1779e-06
9893.9, 1.1786e-06
9895.9, 1.1792e-06
9897.9, 1.1798e-06
9899.9, 1.1804e-06
9901.9, 1.1811e-06
9903.9, 1.1817e-06
9905.9, 1.1824e-06
9907.9, 1.1831e-06
9909.9, 1.1837e-06
9911.9, 1.1843e-06
9913.9, 1.1849e-06
9915.9, 1.1856e-06
9917.9, 1.1862e-06
9919.9, 1.1868e-06
9921.9, 1.1874e-06
9923.9, 1.188e-06
9925.9, 1.1886e-06
9927.9, 1.1892e-06
9929.9, 1.1898e-06
9931.9, 1.1904e-06
9933.9, 1.191e-06
9935.9, 1.1917e-06
9937.9, 1.1923e-06
9939.9, 1.1929e-06
9941.9, 1.1935e-06
9943.9, 1.1942e-06
9945.9, 1.1948e-06
9947.9, 1.1954e-06
9949.9, 1.196e-06
9951.9, 1.1967e-06
9953.9, 1.1974e-06
9955.9, 1.198e-06
9957.9, 1.1986e-06
9959.9, 1.1993e-06
9962.0, 1.1999e-06
9964.0, 1.2005e-06
9966.0, 1.2011e-06
9968.0, 1.2017e-06
9970.0, 1.2023e-06
9972.0, 1.203e-06
9974.0, 1.2036e-06
9976.0, 1.2043e-06
9978.0, 1.2049e-06
9980.0, 1.2056e-06
9982.0, 1.2063e-06
9984.0, 1.2069e-06
9986.0, 1.2075e-06
9988.0, 1.2082e-06
9990.0, 1.2088e-06
9992.0, 1.2095e-06
9994.0, 1.2101e-06
9996.0, 1.2107e-06
9998.0, 1.2113e-06
10000.0, 1.2119e-06
10002.0, 1.2125e-06
10004.0, 1.2132e-06
10006.0, 1.2139e-06
10008.0, 1.2145e-06
10010.0, 1.2151e-06
10012.0, 1.2157e-06
10014.0, 1.2164e-06
10016.0, 1.2171e-06
10018.0, 1.2177e-06
10020.0, 1.2183e-06
10022.0, 1.2189e-06
10024.0, 1.2195e-06
10026.0, 1.2202e-06
10028.0, 1.2209e-06
10030.0, 1.2215e-06
10032.0, 1.2221e-06
10034.0, 1.2227e-06
10036.0, 1.2233e-06
10038.0, 1.2239e-06
10040.0, 1.2246e-06
10042.0, 1.2252e-06
10044.0, 1.2258e-06
10046.0, 1.2265e-06
10048.0, 1.2271e-06
10050.0, 1.2278e-06
10052.0, 1.2284e-06
10054.0, 1.2291e-06
10056.0, 1.2298e-06
10058.0, 1.2305e-06
10060.0, 1.2312e-06
10062.0, 1.2318e-06
10064.0, 1.2325e-06
10066.0, 1.2332e-06
10068.0, 1.2339e-06
10070.0, 1.2345e-06
10072.0, 1.2352e-06
10074.0, 1.2358e-06
10076.0, 1.2365e-06
10078.0, 1.2371e-06
10080.0, 1.2377e-06
10082.0, 1.2384e-06
10084.0, 1.239e-06
10086.0, 1.2397e-06
10088.0, 1.2403e-06
10090.0, 1.2409e-06
10092.0, 1.2415e-06
10094.0, 1.2421e-06
10096.0, 1.2428e-06
10098.0, 1.2435e-06
10100.0, 1.2442e-06
10102.0, 1.2448e-06
10104.0, 1.2454e-06
10106.0, 1.2461e-06
10108.0, 1.2467e-06
10110.0, 1.2474e-06
10112.0, 1.248e-06
10114.0, 1.2487e-06
10116.0, 1.2493e-06
10118.0, 1.2499e-06
10120.0, 1.2505e-06
10122.0, 1.2512e-06
10124.0, 1.2518e-06
10126.0, 1.2524e-06
10128.0, 1.2531e-06
10130.0, 1.2538e-06
10132.0, 1.2545e-06
10134.0, 1.2552e-06
10136.0, 1.2559e-06
10138.0, 1.2565e-06
10140.0, 1.2572e-06
10142.0, 1.2578e-06
10144.0, 1.2585e-06
10146.0, 1.2591e-06
10148.0, 1.2598e-06
10150.0, 1.2605e-06
10152.0, 1.2611e-06
10154.0, 1.2618e-06
10156.0, 1.2624e-06
10158.0, 1.263e-06
10160.0, 1.2637e-06
10162.0, 1.2643e-06
10164.0, 1.265e-06
10166.0, 1.2657e-06
10168.0, 1.2663e-06
10170.0, 1.267e-06
10172.0, 1.2676e-06
10174.0, 1.2683e-06
10176.0, 1.2689e-06
10178.0, 1.2695e-06
10180.0, 1.2702e-06
10182.0, 1.2709e-06
10184.0, 1.2715e-06
10186.0, 1.2721e-06
10188.0, 1.2728e-06
10190.0, 1.2734e-06
10192.0, 1.274e-06
10194.0, 1.2747e-06
10196.0, 1.2754e-06
10198.0, 1.276e-06
10200.0, 1.2767e-06
10202.0, 1.2773e-06
10204.0, 1.278e-06
10206.0, 1.2786e-06
10208.0, 1.2792e-06
10210.0, 1.2799e-06
10212.0, 1.2805e-06
10214.0, 1.2812e-06
10216.0, 1.2818e-06
10218.0, 1.2824e-06
10220.0, 1.2831e-06
10222.0, 1.2838e-06
10224.0, 1.2845e-06
10226.0, 1.2852e-06
10228.0, 1.2859e-06
10230.0, 1.2865e-06
10232.0, 1.2872e-06
10234.0, 1.2879e-06
10236.0, 1.2886e-06
10238.0, 1.2892e-06
10240.0, 1.2899e-06
10242.0, 1.2905e-06
10244.0, 1.2911e-06
10246.0, 1.2918e-06
10248.0, 1.2924e-06
10250.0, 1.293e-06
10252.0, 1.2937e-06
10254.0, 1.2943e-06
10256.0, 1.295e-06
10258.0, 1.2957e-06
10260.0, 1.2963e-06
10262.0, 1.297e-06
10264.0, 1.2977e-06
10266.0, 1.2983e-06
10268.0, 1.299e-06
10270.0, 1.2996e-06
10272.0, 1.3002e-06
10274.0, 1.3009e-06
10276.0, 1.3015e-06
10278.0, 1.3021e-06
10280.0, 1.3027e-06
10282.0, 1.3033e-06
10284.0, 1.3039e-06
10286.0, 1.3045e-06
10288.0, 1.3051e-06
10290.0, 1.3058e-06
10292.0, 1.3064e-06
10294.0, 1.3071e-06
10296.0, 1.3077e-06
10298.0, 1.3084e-06
10300.0, 1.309e-06
10302.0, 1.3097e-06
10304.0, 1.3103e-06
10306.0, 1.3111e-06
10308.0, 1.3117e-06
10310.0, 1.3123e-06
10312.0, 1.313e-06
10314.0, 1.3136e-06
10316.0, 1.3142e-06
10318.0, 1.3149e-06
10320.0, 1.3156e-06
10322.0, 1.3162e-06
10324.0, 1.3169e-06
10326.0, 1.3175e-06
10328.0, 1.3182e-06
10330.0, 1.3188e-06
10332.0, 1.3195e-06
10334.0, 1.3202e-06
10336.0, 1.3208e-06
10338.0, 1.3215e-06
10340.0, 1.3222e-06
10342.0, 1.3228e-06
10344.0, 1.3235e-06
10346.0, 1.3241e-06
10348.0, 1.3247e-06
10350.0, 1.3254e-06
10352.0, 1.326e-06
10354.0, 1.3266e-06
10356.0, 1.3273e-06
10358.0, 1.328e-06
10360.0, 1.3286e-06
10362.0, 1.3293e-06
10364.0, 1.33e-06
10366.0, 1.3307e-06
10368.0, 1.3314e-06
10370.0, 1.3321e-06
10372.0, 1.3328e-06
10374.0, 1.3334e-06
10376.0, 1.3341e-06
10378.0, 1.3348e-06
10380.0, 1.3355e-06
10382.0, 1.3361e-06
10384.0, 1.3368e-06
10386.0, 1.3374e-06
10388.0, 1.3381e-06
10390.0, 1.3388e-06
10392.0, 1.3395e-06
10394.0, 1.3401e-06
10396.0, 1.3408e-06
10398.0, 1.3414e-06
10400.0, 1.3421e-06
10402.0, 1.3428e-06
10404.0, 1.3434e-06
10406.0, 1.344e-06
10408.0, 1.3447e-06
10410.0, 1.3453e-06
10412.0, 1.346e-06
10414.0, 1.3466e-06
10416.0, 1.3473e-06
10418.0, 1.348e-06
10420.0, 1.3487e-06
10422.0, 1.3494e-06
10424.0, 1.35e-06
10426.0, 1.3506e-06
10428.0, 1.3512e-06
10430.0, 1.3519e-06
10432.0, 1.3526e-06
10434.0, 1.3532e-06
10436.0, 1.3538e-06
10438.0, 1.3545e-06
10440.0, 1.3552e-06
10442.0, 1.3559e-06
10444.0, 1.3565e-06
10446.0, 1.3572e-06
10448.0, 1.3579e-06
10450.0, 1.3586e-06
10452.0, 1.3593e-06
10454.0, 1.3599e-06
10456.0, 1.3606e-06
10458.0, 1.3613e-06
10460.0, 1.362e-06
10462.0, 1.3626e-06
10464.0, 1.3633e-06
10466.0, 1.3639e-06
10468.0, 1.3646e-06
10470.0, 1.3653e-06
10472.0, 1.366e-06
10474.0, 1.3666e-06
10476.0, 1.3673e-06
10478.0, 1.368e-06
10480.0, 1.3687e-06
10482.0, 1.3693e-06
10484.0, 1.37e-06
10486.0, 1.3707e-06
10488.0, 1.3713e-06
10490.0, 1.3719e-06
10492.0, 1.3726e-06
10494.0, 1.3732e-06
10496.0, 1.3738e-06
10498.0, 1.3745e-06
10500.0, 1.3752e-06
10502.0, 1.3759e-06
10504.0, 1.3765e-06
10506.0, 1.3772e-06
10508.0, 1.3778e-06
10510.0, 1.3785e-06
10513.0, 1.3791e-06
10515.0, 1.3797e-06
10517.0, 1.3803e-06
10519.0, 1.381e-06
10521.0, 1.3816e-06
10523.0, 1.3823e-06
10525.0, 1.383e-06
10527.0, 1.3836e-06
10529.0, 1.3842e-06
10531.0, 1.3849e-06
10533.0, 1.3856e-06
10535.0, 1.3862e-06
10537.0, 1.3869e-06
10539.0, 1.3875e-06
10541.0, 1.3882e-06
10543.0, 1.3888e-06
10545.0, 1.3895e-06
10547.0, 1.3901e-06
10549.0, 1.3907e-06
10551.0, 1.3914e-06
10553.0, 1.3921e-06
10555.0, 1.3928e-06
10557.0, 1.3934e-06
10559.0, 1.3941e-06
10561.0, 1.3948e-06
10563.0, 1.3954e-06
10565.0, 1.3961e-06
10567.0, 1.3967e-06
10569.0, 1.3974e-06
10571.0, 1.398e-06
10573.0, 1.3987e-06
10575.0, 1.3994e-06
10577.0, 1.4e-06
10579.0, 1.4007e-06
10581.0, 1.4013e-06
10583.0, 1.402e-06
10585.0, 1.4027e-06
10587.0, 1.4033e-06
10589.0, 1.404e-06
10591.0, 1.4047e-06
10593.0, 1.4053e-06
10595.0, 1.406e-06
10597.0, 1.4066e-06
10599.0, 1.4072e-06
10601.0, 1.4079e-06
10603.0, 1.4086e-06
10605.0, 1.4092e-06
10607.0, 1.4099e-06
10609.0, 1.4106e-06
10611.0, 1.4113e-06
10613.0, 1.4119e-06
10615.0, 1.4126e-06
10617.0, 1.4134e-06
10619.0, 1.4141e-06
10621.0, 1.4148e-06
10623.0, 1.4155e-06
10625.0, 1.4161e-06
10627.0, 1.4168e-06
10629.0, 1.4175e-06
10631.0, 1.4182e-06
10633.0, 1.4188e-06
10635.0, 1.4194e-06
10637.0, 1.4201e-06
10639.0, 1.4208e-06
10641.0, 1.4214e-06
10643.0, 1.4221e-06
10645.0, 1.4228e-06
10647.0, 1.4234e-06
10649.0, 1.4241e-06
10651.0, 1.4247e-06
10653.0, 1.4253e-06
10655.0, 1.426e-06
10657.0, 1.4267e-06
10659.0, 1.4274e-06
10661.0, 1.428e-06
10663.0, 1.4287e-06
10665.0, 1.4294e-06
10667.0, 1.4301e-06
10669.0, 1.4307e-06
10671.0, 1.4314e-06
10673.0, 1.4321e-06
10675.0, 1.4327e-06
10677.0, 1.4334e-06
10679.0, 1.434e-06
10681.0, 1.4347e-06
10683.0, 1.4353e-06
10685.0, 1.436e-06
10687.0, 1.4366e-06
10689.0, 1.4373e-06
10691.0, 1.4379e-06
10693.0, 1.4385e-06
10695.0, 1.4392e-06
10697.0, 1.4398e-06
10699.0, 1.4399e-06
10701.0, 1.4399e-06
10703.0, 1.4399e-06
10705.0, 1.4398e-06
10707.0, 1.4398e-06
10709.0, 1.4397e-06
10711.0, 1.4397e-06
10713.0, 1.4397e-06
10715.0, 1.4396e-06
10717.0, 1.4396e-06
10719.0, 1.4395e-06
10721.0, 1.4395e-06
10723.0, 1.4394e-06
10725.0, 1.4394e-06
10727.0, 1.4393e-06
10729.0, 1.4393e-06
10731.0, 1.4392e-06
10733.0, 1.4392e-06
10735.0, 1.4391e-06
10737.0, 1.4391e-06
10739.0, 1.439e-06
10741.0, 1.439e-06
10743.0, 1.4389e-06
10745.0, 1.4389e-06
10747.0, 1.4388e-06
10749.0, 1.4388e-06
10751.0, 1.4387e-06
10753.0, 1.4387e-06
10755.0, 1.4386e-06
10757.0, 1.4386e-06
10759.0, 1.4385e-06
10761.0, 1.4385e-06
10763.0, 1.4385e-06
10765.0, 1.4384e-06
10767.0, 1.4384e-06
10769.0, 1.4383e-06
10771.0, 1.4383e-06
10773.0, 1.4383e-06
10775.0, 1.4382e-06
10777.0, 1.4382e-06
10779.0, 1.4381e-06
10781.0, 1.4381e-06
10783.0, 1.4381e-06
10785.0, 1.438e-06
10787.0, 1.438e-06
10789.0, 1.4379e-06
10791.0, 1.4379e-06
10793.0, 1.4379e-06
10795.0, 1.4378e-06
10797.0, 1.4378e-06
10799.0, 1.4377e-06
10801.0, 1.4377e-06
10803.0, 1.4376e-06
10805.0, 1.4376e-06
10807.0, 1.4376e-06
10809.0, 1.4375e-06
10811.0, 1.4375e-06
10813.0, 1.4374e-06
10815.0, 1.4374e-06
10817.0, 1.4373e-06
10819.0, 1.4373e-06
10821.0, 1.4372e-06
10823.0, 1.4372e-06
10825.0, 1.4371e-06
10827.0, 1.4371e-06
10829.0, 1.437e-06
10831.0, 1.437e-06
10833.0, 1.4369e-06
10835.0, 1.4369e-06
10837.0, 1.4368e-06
10839.0, 1.4368e-06
10841.0, 1.4368e-06
10843.0, 1.4367e-06
10845.0, 1.4367e-06
10847.0, 1.4366e-06
10849.0, 1.4366e-06
10851.0, 1.4366e-06
10853.0, 1.4365e-06
10855.0, 1.4365e-06
10857.0, 1.4364e-06
10859.0, 1.4364e-06
10861.0, 1.4363e-06
10863.0, 1.4363e-06
10865.0, 1.4362e-06
10867.0, 1.4362e-06
10869.0, 1.4361e-06
10871.0, 1.4361e-06
10873.0, 1.4361e-06
10875.0, 1.436e-06
10877.0, 1.436e-06
10879.0, 1.4359e-06
10881.0, 1.4359e-06
10883.0, 1.4359e-06
10885.0, 1.4358e-06
10887.0, 1.4358e-06
10889.0, 1.4357e-06
10891.0, 1.4357e-06
10893.0, 1.4356e-06
10895.0, 1.4356e-06
10897.0, 1.4355e-06
10899.0, 1.4355e-06
10901.0, 1.4355e-06
10903.0, 1.4354e-06
10905.0, 1.4354e-06
10907.0, 1.4353e-06
10909.0, 1.4353e-06
10911.0, 1.4352e-06
10913.0, 1.4352e-06
10915.0, 1.4351e-06
10917.0, 1.4351e-06
10919.0, 1.435e-06
10921.0, 1.435e-06
10923.0, 1.4349e-06
10925.0, 1.4349e-06
10927.0, 1.4348e-06
10929.0, 1.4348e-06
10931.0, 1.4347e-06
10933.0, 1.4347e-06
10935.0, 1.4346e-06
10937.0, 1.4346e-06
10939.0, 1.4346e-06
10941.0, 1.4345e-06
10943.0, 1.4345e-06
10945.0, 1.4344e-06
10947.0, 1.4344e-06
10949.0, 1.4343e-06
10951.0, 1.4343e-06
10953.0, 1.4343e-06
10955.0, 1.4342e-06
10957.0, 1.4342e-06
10959.0, 1.4341e-06
10961.0, 1.4341e-06
10963.0, 1.434e-06
10965.0, 1.434e-06
10967.0, 1.4339e-06
10969.0, 1.4339e-06
10971.0, 1.4338e-06
10973.0, 1.4338e-06
10975.0, 1.4337e-06
10977.0, 1.4337e-06
10979.0, 1.4336e-06
10981.0, 1.4336e-06
10983.0, 1.4335e-06
10985.0, 1.4335e-06
10987.0, 1.4334e-06
10989.0, 1.4334e-06
10991.0, 1.4333e-06
10993.0, 1.4333e-06
10995.0, 1.4333e-06
10997.0, 1.4332e-06
10999.0, 1.4332e-06
11001.0, 1.4331e-06
11003.0, 1.4331e-06
11005.0, 1.433e-06
11007.0, 1.433e-06
11009.0, 1.4329e-06
